11585 2 0 1 0 0 2
32 64 2 1 23 8 11 10 404
0 0000 00000000000000040000000078000004 0
0 0001 00100000000000000000800000000001 0
0 0002 00080000000000100000800000030801 0
0 0003 00100000000000000000800000002001 0
0 0004 00000000000333330000000004000004 0
0 0005 00000000000008310000000008000004 0
0 0006 00100000000000700000800000044821 0
0 0007 00080000000000300000800000694801 0
0 0008 00080000000000728000800000094021 0
0 0009 00100000008000900000801000083ae1 0
0 000a 00100000000000300000800100073881 0
0 000b 00100000000000180000800000072861 0
0 000c 00000000000000000000000d14000012 0
0 000d 00100000000000300000800000053801 0
0 000e 0010000000a000a000008050000732e1 0
0 000f 00100000000000100000800000050001 0
0 0010 00100000000000100000800000062001 0
0 0011 00000000000000000000000d6800000c 0
0 0012 0000000000000000028001ed0000000d 0
0 0013 000000000000000000c000000000000a 0
0 0014 00100000000000700000800000004821 0
0 0015 00080000000000300000800001230801 0
0 0016 00000000000000008000000000410014 0
1 0000 00000000000000000000000000000007 0
1 0001 000000000000000000000000000003e1 0
1 0002 000000000000000000000000000003e1 0
1 0003 000000000000000000000000000003e1 0
1 0004 000000000000000000000000000003e1 0
1 0005 000000000000000000000000000003e1 0
1 0006 000000000000000000000000000003e1 0
1 0007 000000000000000000000000000003e1 0
1 0008 000000000000000000000000000003e1 0
1 0009 000000000000000000000000000003e1 0
1 000a 000000000000000000000000000003e1 0
1 000b 000000000000000000000000000003e1 0
1 000c 000000000000000000000000000003e1 0
1 000d 000000000000000000000000000003e1 0
1 000e 000000000000000000000000000003e1 0
1 000f 000000000000000000000000000003e1 0
1 0010 000000000000000000000000000003e1 0
1 0011 000000000000000000000000000003e1 0
1 0012 000000000000000000000000000003e1 0
1 0013 000000000000000000000000000003e1 0
1 0014 000000000000000000000000000003e1 0
1 0015 000000000000000000000000000003e1 0
1 0016 000000000000000000000000000003e1 0
1 0017 000000000000000000000000000003e1 0
1 0018 000000000000000000000000000003e1 0
1 0019 000000000000000000000000000003e1 0
1 001a 000000000000000000000000000003e1 0
1 001b 000000000000000000000000000003e1 0
1 001c 000000000000000000000000000003e1 0
1 001d 000000000000000000000000000003e1 0
1 001e 000000000000000000000000000003e1 0
1 001f 000000000000000000000000000003e1 0
1 0020 000000000000000000000000000003e1 0
1 0021 00000000000000000000000000000007 0
1 0022 00000000000000000000000000000121 0
1 0023 00000000000000000000000000000121 0
1 0024 00000000000000000000000000000121 0
1 0025 00000000000000000000000000000121 0
1 0026 00000000000000000000000000000121 0
1 0027 00000000000000000000000000000121 0
1 0028 00000000000000000000000000000121 0
1 0029 00000000000000000000000000000121 0
1 002a 00000000000000000000000000000121 0
1 002b 00000000000000000000000000000121 0
1 002c 00000000000000000000000000000121 0
1 002d 00000000000000000000000000000121 0
1 002e 00000000000000000000000000000121 0
1 002f 00000000000000000000000000000121 0
1 0030 00000000000000000000000000000121 0
1 0031 00000000000000000000000000000121 0
1 0032 00000000000000000000000000000121 0
1 0033 00000000000000000000000000000121 0
1 0034 00000000000000000000000000000121 0
1 0035 00000000000000000000000000000121 0
1 0036 00000000000000000000000000000121 0
1 0037 00000000000000000000000000000121 0
1 0038 00000000000000000000000000000121 0
1 0039 00000000000000000000000000000121 0
1 003a 00000000000000000000000000000121 0
1 003b 00000000000000000000000000000121 0
1 003c 00000000000000000000000000000121 0
1 003d 00000000000000000000000000000121 0
1 003e 00000000000000000000000000000121 0
1 003f 00000000000000000000000000000121 0
1 0040 00000000000000000000000000000121 0
1 0041 00000000000000000000000000000121 0
1 0042 00000000000000000000000000000007 0
1 0043 00000000000000000000000000000122 0
1 0044 00000000000000000000000000000122 0
1 0045 00000000000000000000000000000122 0
1 0046 00000000000000000000000000000122 0
1 0047 00000000000000000000000000000122 0
1 0048 00000000000000000000000000000122 0
1 0049 00000000000000000000000000000122 0
1 004a 00000000000000000000000000000122 0
1 004b 00000000000000000000000000000122 0
1 004c 00000000000000000000000000000122 0
1 004d 00000000000000000000000000000122 0
1 004e 00000000000000000000000000000122 0
1 004f 00000000000000000000000000000122 0
1 0050 00000000000000000000000000000122 0
1 0051 00000000000000000000000000000122 0
1 0052 00000000000000000000000000000122 0
1 0053 00000000000000000000000000000122 0
1 0054 00000000000000000000000000000122 0
1 0055 00000000000000000000000000000122 0
1 0056 00000000000000000000000000000122 0
1 0057 00000000000000000000000000000122 0
1 0058 00000000000000000000000000000122 0
1 0059 00000000000000000000000000000122 0
1 005a 00000000000000000000000000000122 0
1 005b 00000000000000000000000000000122 0
1 005c 00000000000000000000000000000122 0
1 005d 00000000000000000000000000000122 0
1 005e 00000000000000000000000000000122 0
1 005f 00000000000000000000000000000122 0
1 0060 00000000000000000000000000000122 0
1 0061 00000000000000000000000000000122 0
1 0062 00000000000000000000000000000122 0
1 0063 00000000000000000000000000000007 0
1 0064 00000000000000000000000000000123 0
1 0065 00000000000000000000000000000123 0
1 0066 00000000000000000000000000000123 0
1 0067 00000000000000000000000000000123 0
1 0068 00000000000000000000000000000123 0
1 0069 00000000000000000000000000000123 0
1 006a 00000000000000000000000000000123 0
1 006b 00000000000000000000000000000123 0
1 006c 00000000000000000000000000000123 0
1 006d 00000000000000000000000000000123 0
1 006e 00000000000000000000000000000123 0
1 006f 00000000000000000000000000000123 0
1 0070 00000000000000000000000000000123 0
1 0071 00000000000000000000000000000123 0
1 0072 00000000000000000000000000000123 0
1 0073 00000000000000000000000000000123 0
1 0074 00000000000000000000000000000123 0
1 0075 00000000000000000000000000000123 0
1 0076 00000000000000000000000000000123 0
1 0077 00000000000000000000000000000123 0
1 0078 00000000000000000000000000000123 0
1 0079 00000000000000000000000000000123 0
1 007a 00000000000000000000000000000123 0
1 007b 00000000000000000000000000000123 0
1 007c 00000000000000000000000000000123 0
1 007d 00000000000000000000000000000123 0
1 007e 00000000000000000000000000000123 0
1 007f 00000000000000000000000000000123 0
1 0080 00000000000000000000000000000123 0
1 0081 00000000000000000000000000000123 0
1 0082 00000000000000000000000000000123 0
1 0083 00000000000000000000000000000123 0
1 0084 00000000ffffffff0000000000000007 0
1 0085 00000000000000000000000000000128 0
1 0086 00000000000000000000000000000128 0
1 0087 00000000000000000000000000000128 0
1 0088 00000000000000000000000000000128 0
1 0089 00000000000000000000000000000128 0
1 008a 00000000000000000000000000000128 0
1 008b 00000000000000000000000000000128 0
1 008c 00000000000000000000000000000128 0
1 008d 00000000000000000000000000000128 0
1 008e 00000000000000000000000000000128 0
1 008f 00000000000000000000000000000128 0
1 0090 00000000000000000000000000000128 0
1 0091 00000000000000000000000000000128 0
1 0092 00000000000000000000000000000128 0
1 0093 00000000000000000000000000000128 0
1 0094 00000000000000000000000000000128 0
1 0095 00000000000000000000000000000128 0
1 0096 00000000000000000000000000000128 0
1 0097 00000000000000000000000000000128 0
1 0098 00000000000000000000000000000128 0
1 0099 00000000000000000000000000000128 0
1 009a 00000000000000000000000000000128 0
1 009b 00000000000000000000000000000128 0
1 009c 00000000000000000000000000000128 0
1 009d 00000000000000000000000000000128 0
1 009e 00000000000000000000000000000128 0
1 009f 00000000000000000000000000000128 0
1 00a0 00000000000000000000000000000128 0
1 00a1 00000000000000000000000000000128 0
1 00a2 00000000000000000000000000000128 0
1 00a3 00000000000000000000000000000128 0
1 00a4 00000000000000000000000000000128 0
1 00a5 00000000000000000000000000000017 0
1 00a6 00000000000000000000000000000129 0
1 00a7 00000000000000000000000000000129 0
1 00a8 00000000000000000000000000000129 0
1 00a9 00000000000000000000000000000129 0
1 00aa 00000000000000000000000000000129 0
1 00ab 00000000000000000000000000000129 0
1 00ac 00000000000000000000000000000129 0
1 00ad 00000000000000000000000000000129 0
1 00ae 00000000000000000000000000000129 0
1 00af 00000000000000000000000000000129 0
1 00b0 00000000000000000000000000000129 0
1 00b1 00000000000000000000000000000129 0
1 00b2 00000000000000000000000000000129 0
1 00b3 00000000000000000000000000000129 0
1 00b4 00000000000000000000000000000129 0
1 00b5 00000000000000000000000000000129 0
1 00b6 00000000000000000000000000000129 0
1 00b7 00000000000000000000000000000129 0
1 00b8 00000000000000000000000000000129 0
1 00b9 00000000000000000000000000000129 0
1 00ba 00000000000000000000000000000129 0
1 00bb 00000000000000000000000000000129 0
1 00bc 00000000000000000000000000000129 0
1 00bd 00000000000000000000000000000129 0
1 00be 00000000000000000000000000000129 0
1 00bf 00000000000000000000000000000129 0
1 00c0 00000000000000000000000000000129 0
1 00c1 00000000000000000000000000000129 0
1 00c2 00000000000000000000000000000129 0
1 00c3 00000000000000000000000000000129 0
1 00c4 00000000000000000000000000000129 0
1 00c5 00000000000000000000000000000129 0
1 00c6 00000000000000000000000000000017 0
1 00c7 00000000000000000000000000000029 0
1 00c8 00000000000000000000000000000029 0
1 00c9 00000000000000000000000000000029 0
1 00ca 00000000000000000000000000000029 0
1 00cb 00000000000000000000000000000029 0
1 00cc 00000000000000000000000000000029 0
1 00cd 00000000000000000000000000000029 0
1 00ce 00000000000000000000000000000029 0
1 00cf 00000000000000000000000000000029 0
1 00d0 00000000000000000000000000000029 0
1 00d1 00000000000000000000000000000029 0
1 00d2 00000000000000000000000000000029 0
1 00d3 00000000000000000000000000000029 0
1 00d4 00000000000000000000000000000029 0
1 00d5 00000000000000000000000000000029 0
1 00d6 00000000000000000000000000000029 0
1 00d7 00000000000000000000000000000029 0
1 00d8 00000000000000000000000000000029 0
1 00d9 00000000000000000000000000000029 0
1 00da 00000000000000000000000000000029 0
1 00db 00000000000000000000000000000029 0
1 00dc 00000000000000000000000000000029 0
1 00dd 00000000000000000000000000000029 0
1 00de 00000000000000000000000000000029 0
1 00df 00000000000000000000000000000029 0
1 00e0 00000000000000000000000000000029 0
1 00e1 00000000000000000000000000000029 0
1 00e2 00000000000000000000000000000029 0
1 00e3 00000000000000000000000000000029 0
1 00e4 00000000000000000000000000000029 0
1 00e5 00000000000000000000000000000029 0
1 00e6 00000000000000000000000000000029 0
1 00e7 00000000000000000000000000000017 0
1 00e8 00000000000000000000000000000109 0
1 00e9 00000000000000000000000000000109 0
1 00ea 00000000000000000000000000000109 0
1 00eb 00000000000000000000000000000109 0
1 00ec 00000000000000000000000000000109 0
1 00ed 00000000000000000000000000000109 0
1 00ee 00000000000000000000000000000109 0
1 00ef 00000000000000000000000000000109 0
1 00f0 00000000000000000000000000000109 0
1 00f1 00000000000000000000000000000109 0
1 00f2 00000000000000000000000000000109 0
1 00f3 00000000000000000000000000000109 0
1 00f4 00000000000000000000000000000109 0
1 00f5 00000000000000000000000000000109 0
1 00f6 00000000000000000000000000000109 0
1 00f7 00000000000000000000000000000109 0
1 00f8 00000000000000000000000000000109 0
1 00f9 00000000000000000000000000000109 0
1 00fa 00000000000000000000000000000109 0
1 00fb 00000000000000000000000000000109 0
1 00fc 00000000000000000000000000000109 0
1 00fd 00000000000000000000000000000109 0
1 00fe 00000000000000000000000000000109 0
1 00ff 00000000000000000000000000000109 0
1 0100 00000000000000000000000000000109 0
1 0101 00000000000000000000000000000109 0
1 0102 00000000000000000000000000000109 0
1 0103 00000000000000000000000000000109 0
1 0104 00000000000000000000000000000109 0
1 0105 00000000000000000000000000000109 0
1 0106 00000000000000000000000000000109 0
1 0107 00000000000000000000000000000109 0
1 0108 0000000000000000ffffffff00000007 0
1 0109 00000000000000000000000000000121 0
1 010a 00000000000000000000000000000121 0
1 010b 00000000000000000000000000000121 0
1 010c 00000000000000000000000000000121 0
1 010d 00000000000000000000000000000121 0
1 010e 00000000000000000000000000000121 0
1 010f 00000000000000000000000000000121 0
1 0110 00000000000000000000000000000121 0
1 0111 00000000000000000000000000000121 0
1 0112 00000000000000000000000000000121 0
1 0113 00000000000000000000000000000121 0
1 0114 00000000000000000000000000000121 0
1 0115 00000000000000000000000000000121 0
1 0116 00000000000000000000000000000121 0
1 0117 00000000000000000000000000000121 0
1 0118 00000000000000000000000000000121 0
1 0119 00000000000000000000000000000121 0
1 011a 00000000000000000000000000000121 0
1 011b 00000000000000000000000000000121 0
1 011c 00000000000000000000000000000121 0
1 011d 00000000000000000000000000000121 0
1 011e 00000000000000000000000000000121 0
1 011f 00000000000000000000000000000121 0
1 0120 00000000000000000000000000000121 0
1 0121 00000000000000000000000000000121 0
1 0122 00000000000000000000000000000121 0
1 0123 00000000000000000000000000000121 0
1 0124 00000000000000000000000000000121 0
1 0125 00000000000000000000000000000121 0
1 0126 00000000000000000000000000000121 0
1 0127 00000000000000000000000000000121 0
1 0128 00000000000000000000000000000121 0
1 0129 000000000000ffff0000000000000007 0
1 012a 00000000000000000000000000000128 0
1 012b 00000000000000000000000000000128 0
1 012c 00000000000000000000000000000128 0
1 012d 00000000000000000000000000000128 0
1 012e 00000000000000000000000000000128 0
1 012f 00000000000000000000000000000128 0
1 0130 00000000000000000000000000000128 0
1 0131 00000000000000000000000000000128 0
1 0132 00000000000000000000000000000128 0
1 0133 00000000000000000000000000000128 0
1 0134 00000000000000000000000000000128 0
1 0135 00000000000000000000000000000128 0
1 0136 00000000000000000000000000000128 0
1 0137 00000000000000000000000000000128 0
1 0138 00000000000000000000000000000128 0
1 0139 00000000000000000000000000000128 0
1 013a 00000000000000000000000000000123 0
1 013b 00000000000000000000000000000123 0
1 013c 00000000000000000000000000000123 0
1 013d 00000000000000000000000000000123 0
1 013e 00000000000000000000000000000123 0
1 013f 00000000000000000000000000000123 0
1 0140 00000000000000000000000000000123 0
1 0141 00000000000000000000000000000123 0
1 0142 00000000000000000000000000000123 0
1 0143 00000000000000000000000000000123 0
1 0144 00000000000000000000000000000123 0
1 0145 00000000000000000000000000000123 0
1 0146 00000000000000000000000000000123 0
1 0147 00000000000000000000000000000123 0
1 0148 00000000000000000000000000000123 0
1 0149 00000000000000000000000000000123 0
1 014a 000000000000ffff0000000000000007 0
1 014b 00000000000000000000000000000128 0
1 014c 00000000000000000000000000000128 0
1 014d 00000000000000000000000000000128 0
1 014e 00000000000000000000000000000128 0
1 014f 00000000000000000000000000000128 0
1 0150 00000000000000000000000000000128 0
1 0151 00000000000000000000000000000128 0
1 0152 00000000000000000000000000000128 0
1 0153 00000000000000000000000000000128 0
1 0154 00000000000000000000000000000128 0
1 0155 00000000000000000000000000000128 0
1 0156 00000000000000000000000000000128 0
1 0157 00000000000000000000000000000128 0
1 0158 00000000000000000000000000000128 0
1 0159 00000000000000000000000000000128 0
1 015a 00000000000000000000000000000128 0
1 015b 00000000000000000000000000000122 0
1 015c 00000000000000000000000000000122 0
1 015d 00000000000000000000000000000122 0
1 015e 00000000000000000000000000000122 0
1 015f 00000000000000000000000000000122 0
1 0160 00000000000000000000000000000122 0
1 0161 00000000000000000000000000000122 0
1 0162 00000000000000000000000000000122 0
1 0163 00000000000000000000000000000122 0
1 0164 00000000000000000000000000000122 0
1 0165 00000000000000000000000000000122 0
1 0166 00000000000000000000000000000122 0
1 0167 00000000000000000000000000000122 0
1 0168 00000000000000000000000000000122 0
1 0169 00000000000000000000000000000122 0
1 016a 00000000000000000000000000000122 0
2 0000 00000000000000000000000000008000 0
2 0001 00000000000000000000000000004002 0
2 0002 00000000000000000000000000000203 0
2 0003 00000000000000000000000000004004 0
2 0004 00000000000000000000000000008005 0
2 0005 00000000000000000000000000008007 0
2 0006 00000000000000000000000000008009 0
2 0007 0000000000000000000000000000800b 0
2 0008 0000000000000000000000000000800d 0
2 0009 0000000000000000000000000000400f 0
3 0000 00000000000000000000000000000000 0
3 0001 00000000000000000000000000120840 0
3 0002 000000000000000000000000001bc75b 0
3 0003 0000000000000000000000000021fcf3 0
3 0004 00000000000000000000000000265263 0
3 0005 000000000000000000000000002987f6 0
3 0006 000000000000000000000000002c0264 0
3 0007 000000000000000000000000002dfbe7 1
1
4 ffffffff ff7e601fb60800052e0000e8100feb600003a0403fb1580000ed00030fe00005a003f9f8007fbfe00fe8b40001d0003f005807fe710002cda0003bac03fea180010bc00001da01fda4003fe5e807f32800fec1e01fd6c0000fcb007fe2300fc00001fc9a803fb8b000143200
7fc6d00
0000000
7fc9600
7f8ab00
0090300
7fd9300
7fc8900
7f94d00
7f8ae00
0040800
7ff8c00
0024e00
0001000
0030e00
003ec00
004ec00
7faf300
00b0700
000fd00
0043900
0039100
0011e00
7fd0d00
00a4500
7fb8000
7fcc300
7f94b00
7f54400
7ffc600
7f28500
7ffdf00
7eb3100
00bf500
0028300
7f73000
001e500
0043300
7fca500
003de00
7fede00
0034100
012d300
7fb3200
0059b00
7f95600
7fda500
0046100
001cc00
7fc7300
7f08200
0043700
7f7c600
0002300
7fddb00
7fa3000
7f8ca00
7ff2600
0147b00
005c400
7f9b500
008ee00
0054f00
7fd5700
7faf900
000000000000000000000000000000000000000000000000000000000000000000000000000000000000000000000000000000000000000000000000000000000000000000000000000000000000000000000000000000000000000000000000000000000000000000000000000000000000000000000000
00387ef
0006130
00109e0
7fd4fd7
7fd4cee
000bf7e
0013959
7fb1506
7fd7a3a
00233ce
7fd3023
0010209
001d45a
7ffa83a
00135e1
000e071
7fe8bb1
7fde021
0009d09
7fe2f6d
7fb9da9
000bf51
00106f4
7ff1648
001e5b8
7fedcc0
000ceb5
7ff2fde
7feb87f
7ffa722
7fdad24
7ff89b1
