8192 2 0 1 0 0 8
64 256 2 1 28 0 11 12 403
0 0000 00000000000000040000000078000004 0
0 0001 00400000000000000000800000000001 0
0 0002 00100000000000100000800000030801 0
0 0003 00400000000000000000800000002001 0
0 0004 00100000000000000000800000002801 0
0 0005 00000000000333330000000004000004 0
0 0006 00000000000008310000000008000004 0
0 0007 0000000000200000000000000c000004 0
0 0008 00000000001000000000000010000004 0
0 0009 00400000000000700000800000045821 0
0 000a 001000000000003000008000006b5801 0
0 000b 0010000000a0009000008030000b5ae1 0
0 000c 001000000000004000008040000b4001 0
0 000d 00100000000000728000800000085021 0
0 000e 00400000000000a000008010000a4ae1 0
0 000f 00400000000000300000800100094881 0
0 0010 00400000000000180000800000093061 0
0 0011 00400000000000300000800000064801 0
0 0012 00400000000000200000800001263801 0
0 0013 00400000000000100000800000060001 0
0 0014 00400000000000100000800000072001 0
0 0015 00100000000000100000800000082801 0
0 0016 00000000000000000000000d6800000c 0
0 0017 0000000000000000032001ed0000000d 0
0 0018 0000000000000000012000000000000a 0
0 0019 00400000000000700000800000005821 0
0 001a 00100000000000300000800001630801 0
0 001b 00000000000000008000000000410014 0
1 0000 00000000000000000000000000000007 0
1 0001 000000000000000000000000000003e1 0
1 0002 000000000000000000000000000003e1 0
1 0003 000000000000000000000000000003e1 0
1 0004 000000000000000000000000000003e1 0
1 0005 000000000000000000000000000003e1 0
1 0006 000000000000000000000000000003e1 0
1 0007 000000000000000000000000000003e1 0
1 0008 000000000000000000000000000003e1 0
1 0009 000000000000000000000000000003e1 0
1 000a 000000000000000000000000000003e1 0
1 000b 000000000000000000000000000003e1 0
1 000c 000000000000000000000000000003e1 0
1 000d 000000000000000000000000000003e1 0
1 000e 000000000000000000000000000003e1 0
1 000f 000000000000000000000000000003e1 0
1 0010 000000000000000000000000000003e1 0
1 0011 000000000000000000000000000003e1 0
1 0012 000000000000000000000000000003e1 0
1 0013 000000000000000000000000000003e1 0
1 0014 000000000000000000000000000003e1 0
1 0015 000000000000000000000000000003e1 0
1 0016 000000000000000000000000000003e1 0
1 0017 000000000000000000000000000003e1 0
1 0018 000000000000000000000000000003e1 0
1 0019 000000000000000000000000000003e1 0
1 001a 000000000000000000000000000003e1 0
1 001b 000000000000000000000000000003e1 0
1 001c 000000000000000000000000000003e1 0
1 001d 000000000000000000000000000003e1 0
1 001e 000000000000000000000000000003e1 0
1 001f 000000000000000000000000000003e1 0
1 0020 000000000000000000000000000003e1 0
1 0021 00000000000000000000000000000007 0
1 0022 00000000000000000000000000000121 0
1 0023 00000000000000000000000000000121 0
1 0024 00000000000000000000000000000121 0
1 0025 00000000000000000000000000000121 0
1 0026 00000000000000000000000000000121 0
1 0027 00000000000000000000000000000121 0
1 0028 00000000000000000000000000000121 0
1 0029 00000000000000000000000000000121 0
1 002a 00000000000000000000000000000121 0
1 002b 00000000000000000000000000000121 0
1 002c 00000000000000000000000000000121 0
1 002d 00000000000000000000000000000121 0
1 002e 00000000000000000000000000000121 0
1 002f 00000000000000000000000000000121 0
1 0030 00000000000000000000000000000121 0
1 0031 00000000000000000000000000000121 0
1 0032 00000000000000000000000000000121 0
1 0033 00000000000000000000000000000121 0
1 0034 00000000000000000000000000000121 0
1 0035 00000000000000000000000000000121 0
1 0036 00000000000000000000000000000121 0
1 0037 00000000000000000000000000000121 0
1 0038 00000000000000000000000000000121 0
1 0039 00000000000000000000000000000121 0
1 003a 00000000000000000000000000000121 0
1 003b 00000000000000000000000000000121 0
1 003c 00000000000000000000000000000121 0
1 003d 00000000000000000000000000000121 0
1 003e 00000000000000000000000000000121 0
1 003f 00000000000000000000000000000121 0
1 0040 00000000000000000000000000000121 0
1 0041 00000000000000000000000000000121 0
1 0042 00000000000000000000000000000007 0
1 0043 00000000000000000000000000000122 0
1 0044 00000000000000000000000000000122 0
1 0045 00000000000000000000000000000122 0
1 0046 00000000000000000000000000000122 0
1 0047 00000000000000000000000000000122 0
1 0048 00000000000000000000000000000122 0
1 0049 00000000000000000000000000000122 0
1 004a 00000000000000000000000000000122 0
1 004b 00000000000000000000000000000122 0
1 004c 00000000000000000000000000000122 0
1 004d 00000000000000000000000000000122 0
1 004e 00000000000000000000000000000122 0
1 004f 00000000000000000000000000000122 0
1 0050 00000000000000000000000000000122 0
1 0051 00000000000000000000000000000122 0
1 0052 00000000000000000000000000000122 0
1 0053 00000000000000000000000000000122 0
1 0054 00000000000000000000000000000122 0
1 0055 00000000000000000000000000000122 0
1 0056 00000000000000000000000000000122 0
1 0057 00000000000000000000000000000122 0
1 0058 00000000000000000000000000000122 0
1 0059 00000000000000000000000000000122 0
1 005a 00000000000000000000000000000122 0
1 005b 00000000000000000000000000000122 0
1 005c 00000000000000000000000000000122 0
1 005d 00000000000000000000000000000122 0
1 005e 00000000000000000000000000000122 0
1 005f 00000000000000000000000000000122 0
1 0060 00000000000000000000000000000122 0
1 0061 00000000000000000000000000000122 0
1 0062 00000000000000000000000000000122 0
1 0063 00000000000000000000000000000007 0
1 0064 00000000000000000000000000000123 0
1 0065 00000000000000000000000000000123 0
1 0066 00000000000000000000000000000123 0
1 0067 00000000000000000000000000000123 0
1 0068 00000000000000000000000000000123 0
1 0069 00000000000000000000000000000123 0
1 006a 00000000000000000000000000000123 0
1 006b 00000000000000000000000000000123 0
1 006c 00000000000000000000000000000123 0
1 006d 00000000000000000000000000000123 0
1 006e 00000000000000000000000000000123 0
1 006f 00000000000000000000000000000123 0
1 0070 00000000000000000000000000000123 0
1 0071 00000000000000000000000000000123 0
1 0072 00000000000000000000000000000123 0
1 0073 00000000000000000000000000000123 0
1 0074 00000000000000000000000000000123 0
1 0075 00000000000000000000000000000123 0
1 0076 00000000000000000000000000000123 0
1 0077 00000000000000000000000000000123 0
1 0078 00000000000000000000000000000123 0
1 0079 00000000000000000000000000000123 0
1 007a 00000000000000000000000000000123 0
1 007b 00000000000000000000000000000123 0
1 007c 00000000000000000000000000000123 0
1 007d 00000000000000000000000000000123 0
1 007e 00000000000000000000000000000123 0
1 007f 00000000000000000000000000000123 0
1 0080 00000000000000000000000000000123 0
1 0081 00000000000000000000000000000123 0
1 0082 00000000000000000000000000000123 0
1 0083 00000000000000000000000000000123 0
1 0084 00000000ffffffff0000000000000007 0
1 0085 00000000000000000000000000000128 0
1 0086 00000000000000000000000000000128 0
1 0087 00000000000000000000000000000128 0
1 0088 00000000000000000000000000000128 0
1 0089 00000000000000000000000000000128 0
1 008a 00000000000000000000000000000128 0
1 008b 00000000000000000000000000000128 0
1 008c 00000000000000000000000000000128 0
1 008d 00000000000000000000000000000128 0
1 008e 00000000000000000000000000000128 0
1 008f 00000000000000000000000000000128 0
1 0090 00000000000000000000000000000128 0
1 0091 00000000000000000000000000000128 0
1 0092 00000000000000000000000000000128 0
1 0093 00000000000000000000000000000128 0
1 0094 00000000000000000000000000000128 0
1 0095 00000000000000000000000000000128 0
1 0096 00000000000000000000000000000128 0
1 0097 00000000000000000000000000000128 0
1 0098 00000000000000000000000000000128 0
1 0099 00000000000000000000000000000128 0
1 009a 00000000000000000000000000000128 0
1 009b 00000000000000000000000000000128 0
1 009c 00000000000000000000000000000128 0
1 009d 00000000000000000000000000000128 0
1 009e 00000000000000000000000000000128 0
1 009f 00000000000000000000000000000128 0
1 00a0 00000000000000000000000000000128 0
1 00a1 00000000000000000000000000000128 0
1 00a2 00000000000000000000000000000128 0
1 00a3 00000000000000000000000000000128 0
1 00a4 00000000000000000000000000000128 0
1 00a5 00000000000000000000000000000017 0
1 00a6 00000000000000000000000000000129 0
1 00a7 00000000000000000000000000000129 0
1 00a8 00000000000000000000000000000129 0
1 00a9 00000000000000000000000000000129 0
1 00aa 00000000000000000000000000000129 0
1 00ab 00000000000000000000000000000129 0
1 00ac 00000000000000000000000000000129 0
1 00ad 00000000000000000000000000000129 0
1 00ae 00000000000000000000000000000129 0
1 00af 00000000000000000000000000000129 0
1 00b0 00000000000000000000000000000129 0
1 00b1 00000000000000000000000000000129 0
1 00b2 00000000000000000000000000000129 0
1 00b3 00000000000000000000000000000129 0
1 00b4 00000000000000000000000000000129 0
1 00b5 00000000000000000000000000000129 0
1 00b6 00000000000000000000000000000129 0
1 00b7 00000000000000000000000000000129 0
1 00b8 00000000000000000000000000000129 0
1 00b9 00000000000000000000000000000129 0
1 00ba 00000000000000000000000000000129 0
1 00bb 00000000000000000000000000000129 0
1 00bc 00000000000000000000000000000129 0
1 00bd 00000000000000000000000000000129 0
1 00be 00000000000000000000000000000129 0
1 00bf 00000000000000000000000000000129 0
1 00c0 00000000000000000000000000000129 0
1 00c1 00000000000000000000000000000129 0
1 00c2 00000000000000000000000000000129 0
1 00c3 00000000000000000000000000000129 0
1 00c4 00000000000000000000000000000129 0
1 00c5 00000000000000000000000000000129 0
1 00c6 00000000000000000000000000000017 0
1 00c7 00000000000000000000000000000029 0
1 00c8 00000000000000000000000000000029 0
1 00c9 00000000000000000000000000000029 0
1 00ca 00000000000000000000000000000029 0
1 00cb 00000000000000000000000000000029 0
1 00cc 00000000000000000000000000000029 0
1 00cd 00000000000000000000000000000029 0
1 00ce 00000000000000000000000000000029 0
1 00cf 00000000000000000000000000000029 0
1 00d0 00000000000000000000000000000029 0
1 00d1 00000000000000000000000000000029 0
1 00d2 00000000000000000000000000000029 0
1 00d3 00000000000000000000000000000029 0
1 00d4 00000000000000000000000000000029 0
1 00d5 00000000000000000000000000000029 0
1 00d6 00000000000000000000000000000029 0
1 00d7 00000000000000000000000000000029 0
1 00d8 00000000000000000000000000000029 0
1 00d9 00000000000000000000000000000029 0
1 00da 00000000000000000000000000000029 0
1 00db 00000000000000000000000000000029 0
1 00dc 00000000000000000000000000000029 0
1 00dd 00000000000000000000000000000029 0
1 00de 00000000000000000000000000000029 0
1 00df 00000000000000000000000000000029 0
1 00e0 00000000000000000000000000000029 0
1 00e1 00000000000000000000000000000029 0
1 00e2 00000000000000000000000000000029 0
1 00e3 00000000000000000000000000000029 0
1 00e4 00000000000000000000000000000029 0
1 00e5 00000000000000000000000000000029 0
1 00e6 00000000000000000000000000000029 0
1 00e7 00000000000000000000000000000017 0
1 00e8 00000000000000000000000000000109 0
1 00e9 00000000000000000000000000000109 0
1 00ea 00000000000000000000000000000109 0
1 00eb 00000000000000000000000000000109 0
1 00ec 00000000000000000000000000000109 0
1 00ed 00000000000000000000000000000109 0
1 00ee 00000000000000000000000000000109 0
1 00ef 00000000000000000000000000000109 0
1 00f0 00000000000000000000000000000109 0
1 00f1 00000000000000000000000000000109 0
1 00f2 00000000000000000000000000000109 0
1 00f3 00000000000000000000000000000109 0
1 00f4 00000000000000000000000000000109 0
1 00f5 00000000000000000000000000000109 0
1 00f6 00000000000000000000000000000109 0
1 00f7 00000000000000000000000000000109 0
1 00f8 00000000000000000000000000000109 0
1 00f9 00000000000000000000000000000109 0
1 00fa 00000000000000000000000000000109 0
1 00fb 00000000000000000000000000000109 0
1 00fc 00000000000000000000000000000109 0
1 00fd 00000000000000000000000000000109 0
1 00fe 00000000000000000000000000000109 0
1 00ff 00000000000000000000000000000109 0
1 0100 00000000000000000000000000000109 0
1 0101 00000000000000000000000000000109 0
1 0102 00000000000000000000000000000109 0
1 0103 00000000000000000000000000000109 0
1 0104 00000000000000000000000000000109 0
1 0105 00000000000000000000000000000109 0
1 0106 00000000000000000000000000000109 0
1 0107 00000000000000000000000000000109 0
1 0108 0000000000000000ffffffff00000007 0
1 0109 00000000000000000000000000000121 0
1 010a 00000000000000000000000000000121 0
1 010b 00000000000000000000000000000121 0
1 010c 00000000000000000000000000000121 0
1 010d 00000000000000000000000000000121 0
1 010e 00000000000000000000000000000121 0
1 010f 00000000000000000000000000000121 0
1 0110 00000000000000000000000000000121 0
1 0111 00000000000000000000000000000121 0
1 0112 00000000000000000000000000000121 0
1 0113 00000000000000000000000000000121 0
1 0114 00000000000000000000000000000121 0
1 0115 00000000000000000000000000000121 0
1 0116 00000000000000000000000000000121 0
1 0117 00000000000000000000000000000121 0
1 0118 00000000000000000000000000000121 0
1 0119 00000000000000000000000000000121 0
1 011a 00000000000000000000000000000121 0
1 011b 00000000000000000000000000000121 0
1 011c 00000000000000000000000000000121 0
1 011d 00000000000000000000000000000121 0
1 011e 00000000000000000000000000000121 0
1 011f 00000000000000000000000000000121 0
1 0120 00000000000000000000000000000121 0
1 0121 00000000000000000000000000000121 0
1 0122 00000000000000000000000000000121 0
1 0123 00000000000000000000000000000121 0
1 0124 00000000000000000000000000000121 0
1 0125 00000000000000000000000000000121 0
1 0126 00000000000000000000000000000121 0
1 0127 00000000000000000000000000000121 0
1 0128 00000000000000000000000000000121 0
1 0129 000000000000ffff0000000000000007 0
1 012a 00000000000000000000000000000128 0
1 012b 00000000000000000000000000000128 0
1 012c 00000000000000000000000000000128 0
1 012d 00000000000000000000000000000128 0
1 012e 00000000000000000000000000000128 0
1 012f 00000000000000000000000000000128 0
1 0130 00000000000000000000000000000128 0
1 0131 00000000000000000000000000000128 0
1 0132 00000000000000000000000000000128 0
1 0133 00000000000000000000000000000128 0
1 0134 00000000000000000000000000000128 0
1 0135 00000000000000000000000000000128 0
1 0136 00000000000000000000000000000128 0
1 0137 00000000000000000000000000000128 0
1 0138 00000000000000000000000000000128 0
1 0139 00000000000000000000000000000128 0
1 013a 00000000000000000000000000000122 0
1 013b 00000000000000000000000000000122 0
1 013c 00000000000000000000000000000122 0
1 013d 00000000000000000000000000000122 0
1 013e 00000000000000000000000000000122 0
1 013f 00000000000000000000000000000122 0
1 0140 00000000000000000000000000000122 0
1 0141 00000000000000000000000000000122 0
1 0142 00000000000000000000000000000122 0
1 0143 00000000000000000000000000000122 0
1 0144 00000000000000000000000000000122 0
1 0145 00000000000000000000000000000122 0
1 0146 00000000000000000000000000000122 0
1 0147 00000000000000000000000000000122 0
1 0148 00000000000000000000000000000122 0
1 0149 00000000000000000000000000000122 0
1 014a 000000000000ffff0000000000000007 0
1 014b 00000000000000000000000000000128 0
1 014c 00000000000000000000000000000128 0
1 014d 00000000000000000000000000000128 0
1 014e 00000000000000000000000000000128 0
1 014f 00000000000000000000000000000128 0
1 0150 00000000000000000000000000000128 0
1 0151 00000000000000000000000000000128 0
1 0152 00000000000000000000000000000128 0
1 0153 00000000000000000000000000000128 0
1 0154 00000000000000000000000000000128 0
1 0155 00000000000000000000000000000128 0
1 0156 00000000000000000000000000000128 0
1 0157 00000000000000000000000000000128 0
1 0158 00000000000000000000000000000128 0
1 0159 00000000000000000000000000000128 0
1 015a 00000000000000000000000000000128 0
1 015b 00000000000000000000000000000123 0
1 015c 00000000000000000000000000000123 0
1 015d 00000000000000000000000000000123 0
1 015e 00000000000000000000000000000123 0
1 015f 00000000000000000000000000000123 0
1 0160 00000000000000000000000000000123 0
1 0161 00000000000000000000000000000123 0
1 0162 00000000000000000000000000000123 0
1 0163 00000000000000000000000000000123 0
1 0164 00000000000000000000000000000123 0
1 0165 00000000000000000000000000000123 0
1 0166 00000000000000000000000000000123 0
1 0167 00000000000000000000000000000123 0
1 0168 00000000000000000000000000000123 0
1 0169 00000000000000000000000000000123 0
1 016a 00000000000000000000000000000123 0
2 0000 00000000000000000000000000020000 0
2 0001 00000000000000000000000000008008 0
2 0002 0000000000000000000000000000020a 0
2 0003 0000000000000000000000000000800b 0
2 0004 0000000000000000000000000002000d 0
2 0005 00000000000000000000000000008015 0
2 0006 00000000000000000000000000020017 0
2 0007 0000000000000000000000000002001f 0
2 0008 00000000000000000000000000008027 0
2 0009 00000000000000000000000000020029 0
2 000a 00000000000000000000000000020031 0
2 000b 00000000000000000000000000008039 1
2
11 ffffffff fec8801fdd1c0008fd007ea9c00fe56401fbbd403ff858000c5800fd64a00020d403f77a800066900fc00001ffb7403ff6a8001c6f00fd64a000037c0004d300000d900ffeca0001f8803f1c9007f51000025a00001fe40004fd007f9910002cb401fd4dc0003af80016de00
12 ffffffff fd34c01fd6fc000e370000c49000400001ffd9403fc0380001bd00001ea0004b2003fc0380007ff000178a01ff8f403f712800033500fe88401ff59003fb9c807eba800ffeca01fd91003fa2080002b20000cde01fb81803fb8900008d800fee6401f8a7003fb94007f65a00
002bf00
002c100
0040000
0036d00
7ff0000
00cec00
0014d00
0019800
0030700
0001700
7fe6d00
7fdf300
7fd4c00
0000100
7fc8200
0007100
7ff4600
005cc00
7fc0a00
0011c00
005c500
0000000
7ff8800
0000000
0007400
0013300
7febb00
7fe8b00
7fff300
0031400
0013900
0030b00
7ff8e00
0029500
0017500
0000500
000c700
000db00
0018100
000cd00
7fb0200
0017600
004f300
7ffaf00
7fffa00
002c500
0043600
7fc8d00
004ec00
004e500
7fd4900
0002c00
0043100
7ffef00
0015300
0008f00
000e000
7f9ee00
7fe9a00
7fd1800
0009200
0021500
000a500
7fe5100
7fc7800
0000000
7ff7b00
7fd1700
7ff1c00
7ff2500
0023600
7fadf00
7f98d00
7ff1b00
0005f00
0003f00
0027f00
0021b00
7ffa200
0016800
0020300
7fee000
7fddb00
0026d00
000f900
0038f00
000c800
7f96800
7fb7d00
003fd00
000bd00
7faca00
0027900
7fbc400
7fb0d00
0010400
000e900
7fda400
7ffcb00
004cf00
7fedf00
7fe7000
001f600
003d700
001fc00
0003b00
0018e00
001a700
0018000
0052d00
0000000
7fefb00
7fcea00
000c200
0034c00
7f8a000
7ffb200
7fd1500
7ffce00
0008700
7ffb800
7fef600
7ffd800
0000000
7ffa700
0000000
0045b00
7fd4800
7fcb600
0001f00
0000000
7ff9400
0002e00
7fe6800
001a000
7fe9f00
7f38c00
0042c00
002a400
7fb0500
7fce300
7ffda00
7f40300
0009300
7feeb00
7fb1c00
0024600
001b500
7fa1600
7ffa600
0000000
0000000
7f4ee00
0000000
7fec200
7fea000
001e100
0008700
005e600
0000000
0013b00
7f92b00
7fc9d00
0006700
7fccb00
7fd8500
7fb3e00
7ffed00
000a400
7fd9100
7ff6f00
0019c00
002a100
0005200
000e200
003fe00
0036500
7fd6400
7fdb700
0024d00
7f68d00
0003600
0058d00
7fe5900
7fd8100
7ffb900
0000000
001af00
000d400
0006800
004e700
0000000
7fc3c00
0003700
7ffb100
7fed900
0031e00
0000000
000d100
7ffdd00
0006d00
7fe2300
7f8eb00
0001100
7fe6200
0032500
0002900
7ffa100
7f7c100
0033900
0030e00
7fcd900
0013500
0051500
0068d00
7fdf100
7ffe700
7ffc500
7ffbf00
0000000
0001400
0047e00
7fcb800
0050100
7fe2700
0009d00
7feff00
7ff7700
0015f00
7fc9300
000a600
0051200
7fe7100
7fd6e00
0026400
7ffeb00
0000000
7fe7100
0000000
7ffc400
0010b00
0014700
7ffca00
7ff4300
7fe2300
7faaf00
7fbee00
7fb6800
7fd0200
002d900
7fd2900
0020300
7fecc00
0031700
7fca100
001c200
000000000000000000000000000000000000000000000000000000000000000000000000000000000000000000000000000000000000000000000000000000000000000000000000000000000000000000000000000000000000000000000000000000000000000000000000000000000000000000000000
00423c0
7ffff80
7fec000
0025800
7fea100
0028f00
0001f40
000a8c0
0017680
7fd1e40
00181c0
0010180
7ff4280
7ffb480
7ffdc00
7fdd0c0
0035e80
7fdd340
7fd67c0
7fe7680
0002500
7fe03c0
0006f40
7fe2240
001eac0
7fdf640
7fdd040
0007540
7fecec0
0004c40
7ff4fc0
0024f40
7fe4040
7ff5bc0
7fcfd40
7fd8840
0012f40
7ff1a00
7fe54c0
000b780
0004840
0015fc0
0001a00
7ff9ac0
7fe9340
7ff5a00
7fef5c0
7fedd80
7fe78c0
0023080
000ff80
0044d80
0014000
7fba240
7fffb00
7feee00
0010f40
7fe4480
000ca80
0042080
0021ec0
0023740
7ff2240
7fee2c0
