8192 2 0 1 0 0 8
64 256 2 1 23 8 11 10 404
0 0000 00000000000000040000000078000004 0
0 0001 00400000000000000000800000000001 0
0 0002 00100000000000100000800000030801 0
0 0003 00400000000000000000800000002001 0
0 0004 00000000000333330000000004000004 0
0 0005 00000000000008310000000008000004 0
0 0006 00400000000000700000800000044821 0
0 0007 00100000000000300000800000694801 0
0 0008 00100000000000728000800000094021 0
0 0009 00400000008000900000801000083ae1 0
0 000a 00400000000000300000800100073881 0
0 000b 00400000000000180000800000072861 0
0 000c 00000000000000000000000d14000012 0
0 000d 00400000000000300000800000053801 0
0 000e 0040000000a000a000008050000732e1 0
0 000f 00400000000000100000800000050001 0
0 0010 00400000000000100000800000062001 0
0 0011 00000000000000000000000d6800000c 0
0 0012 0000000000000000028001ed0000000d 0
0 0013 000000000000000000c000000000000a 0
0 0014 00400000000000700000800000004821 0
0 0015 00100000000000300000800001230801 0
0 0016 00000000000000008000000000410014 0
1 0000 00000000000000000000000000000007 0
1 0001 000000000000000000000000000003e1 0
1 0002 000000000000000000000000000003e1 0
1 0003 000000000000000000000000000003e1 0
1 0004 000000000000000000000000000003e1 0
1 0005 000000000000000000000000000003e1 0
1 0006 000000000000000000000000000003e1 0
1 0007 000000000000000000000000000003e1 0
1 0008 000000000000000000000000000003e1 0
1 0009 000000000000000000000000000003e1 0
1 000a 000000000000000000000000000003e1 0
1 000b 000000000000000000000000000003e1 0
1 000c 000000000000000000000000000003e1 0
1 000d 000000000000000000000000000003e1 0
1 000e 000000000000000000000000000003e1 0
1 000f 000000000000000000000000000003e1 0
1 0010 000000000000000000000000000003e1 0
1 0011 000000000000000000000000000003e1 0
1 0012 000000000000000000000000000003e1 0
1 0013 000000000000000000000000000003e1 0
1 0014 000000000000000000000000000003e1 0
1 0015 000000000000000000000000000003e1 0
1 0016 000000000000000000000000000003e1 0
1 0017 000000000000000000000000000003e1 0
1 0018 000000000000000000000000000003e1 0
1 0019 000000000000000000000000000003e1 0
1 001a 000000000000000000000000000003e1 0
1 001b 000000000000000000000000000003e1 0
1 001c 000000000000000000000000000003e1 0
1 001d 000000000000000000000000000003e1 0
1 001e 000000000000000000000000000003e1 0
1 001f 000000000000000000000000000003e1 0
1 0020 000000000000000000000000000003e1 0
1 0021 00000000000000000000000000000007 0
1 0022 00000000000000000000000000000121 0
1 0023 00000000000000000000000000000121 0
1 0024 00000000000000000000000000000121 0
1 0025 00000000000000000000000000000121 0
1 0026 00000000000000000000000000000121 0
1 0027 00000000000000000000000000000121 0
1 0028 00000000000000000000000000000121 0
1 0029 00000000000000000000000000000121 0
1 002a 00000000000000000000000000000121 0
1 002b 00000000000000000000000000000121 0
1 002c 00000000000000000000000000000121 0
1 002d 00000000000000000000000000000121 0
1 002e 00000000000000000000000000000121 0
1 002f 00000000000000000000000000000121 0
1 0030 00000000000000000000000000000121 0
1 0031 00000000000000000000000000000121 0
1 0032 00000000000000000000000000000121 0
1 0033 00000000000000000000000000000121 0
1 0034 00000000000000000000000000000121 0
1 0035 00000000000000000000000000000121 0
1 0036 00000000000000000000000000000121 0
1 0037 00000000000000000000000000000121 0
1 0038 00000000000000000000000000000121 0
1 0039 00000000000000000000000000000121 0
1 003a 00000000000000000000000000000121 0
1 003b 00000000000000000000000000000121 0
1 003c 00000000000000000000000000000121 0
1 003d 00000000000000000000000000000121 0
1 003e 00000000000000000000000000000121 0
1 003f 00000000000000000000000000000121 0
1 0040 00000000000000000000000000000121 0
1 0041 00000000000000000000000000000121 0
1 0042 00000000000000000000000000000007 0
1 0043 00000000000000000000000000000122 0
1 0044 00000000000000000000000000000122 0
1 0045 00000000000000000000000000000122 0
1 0046 00000000000000000000000000000122 0
1 0047 00000000000000000000000000000122 0
1 0048 00000000000000000000000000000122 0
1 0049 00000000000000000000000000000122 0
1 004a 00000000000000000000000000000122 0
1 004b 00000000000000000000000000000122 0
1 004c 00000000000000000000000000000122 0
1 004d 00000000000000000000000000000122 0
1 004e 00000000000000000000000000000122 0
1 004f 00000000000000000000000000000122 0
1 0050 00000000000000000000000000000122 0
1 0051 00000000000000000000000000000122 0
1 0052 00000000000000000000000000000122 0
1 0053 00000000000000000000000000000122 0
1 0054 00000000000000000000000000000122 0
1 0055 00000000000000000000000000000122 0
1 0056 00000000000000000000000000000122 0
1 0057 00000000000000000000000000000122 0
1 0058 00000000000000000000000000000122 0
1 0059 00000000000000000000000000000122 0
1 005a 00000000000000000000000000000122 0
1 005b 00000000000000000000000000000122 0
1 005c 00000000000000000000000000000122 0
1 005d 00000000000000000000000000000122 0
1 005e 00000000000000000000000000000122 0
1 005f 00000000000000000000000000000122 0
1 0060 00000000000000000000000000000122 0
1 0061 00000000000000000000000000000122 0
1 0062 00000000000000000000000000000122 0
1 0063 00000000000000000000000000000007 0
1 0064 00000000000000000000000000000123 0
1 0065 00000000000000000000000000000123 0
1 0066 00000000000000000000000000000123 0
1 0067 00000000000000000000000000000123 0
1 0068 00000000000000000000000000000123 0
1 0069 00000000000000000000000000000123 0
1 006a 00000000000000000000000000000123 0
1 006b 00000000000000000000000000000123 0
1 006c 00000000000000000000000000000123 0
1 006d 00000000000000000000000000000123 0
1 006e 00000000000000000000000000000123 0
1 006f 00000000000000000000000000000123 0
1 0070 00000000000000000000000000000123 0
1 0071 00000000000000000000000000000123 0
1 0072 00000000000000000000000000000123 0
1 0073 00000000000000000000000000000123 0
1 0074 00000000000000000000000000000123 0
1 0075 00000000000000000000000000000123 0
1 0076 00000000000000000000000000000123 0
1 0077 00000000000000000000000000000123 0
1 0078 00000000000000000000000000000123 0
1 0079 00000000000000000000000000000123 0
1 007a 00000000000000000000000000000123 0
1 007b 00000000000000000000000000000123 0
1 007c 00000000000000000000000000000123 0
1 007d 00000000000000000000000000000123 0
1 007e 00000000000000000000000000000123 0
1 007f 00000000000000000000000000000123 0
1 0080 00000000000000000000000000000123 0
1 0081 00000000000000000000000000000123 0
1 0082 00000000000000000000000000000123 0
1 0083 00000000000000000000000000000123 0
1 0084 00000000ffffffff0000000000000007 0
1 0085 00000000000000000000000000000128 0
1 0086 00000000000000000000000000000128 0
1 0087 00000000000000000000000000000128 0
1 0088 00000000000000000000000000000128 0
1 0089 00000000000000000000000000000128 0
1 008a 00000000000000000000000000000128 0
1 008b 00000000000000000000000000000128 0
1 008c 00000000000000000000000000000128 0
1 008d 00000000000000000000000000000128 0
1 008e 00000000000000000000000000000128 0
1 008f 00000000000000000000000000000128 0
1 0090 00000000000000000000000000000128 0
1 0091 00000000000000000000000000000128 0
1 0092 00000000000000000000000000000128 0
1 0093 00000000000000000000000000000128 0
1 0094 00000000000000000000000000000128 0
1 0095 00000000000000000000000000000128 0
1 0096 00000000000000000000000000000128 0
1 0097 00000000000000000000000000000128 0
1 0098 00000000000000000000000000000128 0
1 0099 00000000000000000000000000000128 0
1 009a 00000000000000000000000000000128 0
1 009b 00000000000000000000000000000128 0
1 009c 00000000000000000000000000000128 0
1 009d 00000000000000000000000000000128 0
1 009e 00000000000000000000000000000128 0
1 009f 00000000000000000000000000000128 0
1 00a0 00000000000000000000000000000128 0
1 00a1 00000000000000000000000000000128 0
1 00a2 00000000000000000000000000000128 0
1 00a3 00000000000000000000000000000128 0
1 00a4 00000000000000000000000000000128 0
1 00a5 00000000000000000000000000000017 0
1 00a6 00000000000000000000000000000129 0
1 00a7 00000000000000000000000000000129 0
1 00a8 00000000000000000000000000000129 0
1 00a9 00000000000000000000000000000129 0
1 00aa 00000000000000000000000000000129 0
1 00ab 00000000000000000000000000000129 0
1 00ac 00000000000000000000000000000129 0
1 00ad 00000000000000000000000000000129 0
1 00ae 00000000000000000000000000000129 0
1 00af 00000000000000000000000000000129 0
1 00b0 00000000000000000000000000000129 0
1 00b1 00000000000000000000000000000129 0
1 00b2 00000000000000000000000000000129 0
1 00b3 00000000000000000000000000000129 0
1 00b4 00000000000000000000000000000129 0
1 00b5 00000000000000000000000000000129 0
1 00b6 00000000000000000000000000000129 0
1 00b7 00000000000000000000000000000129 0
1 00b8 00000000000000000000000000000129 0
1 00b9 00000000000000000000000000000129 0
1 00ba 00000000000000000000000000000129 0
1 00bb 00000000000000000000000000000129 0
1 00bc 00000000000000000000000000000129 0
1 00bd 00000000000000000000000000000129 0
1 00be 00000000000000000000000000000129 0
1 00bf 00000000000000000000000000000129 0
1 00c0 00000000000000000000000000000129 0
1 00c1 00000000000000000000000000000129 0
1 00c2 00000000000000000000000000000129 0
1 00c3 00000000000000000000000000000129 0
1 00c4 00000000000000000000000000000129 0
1 00c5 00000000000000000000000000000129 0
1 00c6 00000000000000000000000000000017 0
1 00c7 00000000000000000000000000000029 0
1 00c8 00000000000000000000000000000029 0
1 00c9 00000000000000000000000000000029 0
1 00ca 00000000000000000000000000000029 0
1 00cb 00000000000000000000000000000029 0
1 00cc 00000000000000000000000000000029 0
1 00cd 00000000000000000000000000000029 0
1 00ce 00000000000000000000000000000029 0
1 00cf 00000000000000000000000000000029 0
1 00d0 00000000000000000000000000000029 0
1 00d1 00000000000000000000000000000029 0
1 00d2 00000000000000000000000000000029 0
1 00d3 00000000000000000000000000000029 0
1 00d4 00000000000000000000000000000029 0
1 00d5 00000000000000000000000000000029 0
1 00d6 00000000000000000000000000000029 0
1 00d7 00000000000000000000000000000029 0
1 00d8 00000000000000000000000000000029 0
1 00d9 00000000000000000000000000000029 0
1 00da 00000000000000000000000000000029 0
1 00db 00000000000000000000000000000029 0
1 00dc 00000000000000000000000000000029 0
1 00dd 00000000000000000000000000000029 0
1 00de 00000000000000000000000000000029 0
1 00df 00000000000000000000000000000029 0
1 00e0 00000000000000000000000000000029 0
1 00e1 00000000000000000000000000000029 0
1 00e2 00000000000000000000000000000029 0
1 00e3 00000000000000000000000000000029 0
1 00e4 00000000000000000000000000000029 0
1 00e5 00000000000000000000000000000029 0
1 00e6 00000000000000000000000000000029 0
1 00e7 00000000000000000000000000000017 0
1 00e8 00000000000000000000000000000109 0
1 00e9 00000000000000000000000000000109 0
1 00ea 00000000000000000000000000000109 0
1 00eb 00000000000000000000000000000109 0
1 00ec 00000000000000000000000000000109 0
1 00ed 00000000000000000000000000000109 0
1 00ee 00000000000000000000000000000109 0
1 00ef 00000000000000000000000000000109 0
1 00f0 00000000000000000000000000000109 0
1 00f1 00000000000000000000000000000109 0
1 00f2 00000000000000000000000000000109 0
1 00f3 00000000000000000000000000000109 0
1 00f4 00000000000000000000000000000109 0
1 00f5 00000000000000000000000000000109 0
1 00f6 00000000000000000000000000000109 0
1 00f7 00000000000000000000000000000109 0
1 00f8 00000000000000000000000000000109 0
1 00f9 00000000000000000000000000000109 0
1 00fa 00000000000000000000000000000109 0
1 00fb 00000000000000000000000000000109 0
1 00fc 00000000000000000000000000000109 0
1 00fd 00000000000000000000000000000109 0
1 00fe 00000000000000000000000000000109 0
1 00ff 00000000000000000000000000000109 0
1 0100 00000000000000000000000000000109 0
1 0101 00000000000000000000000000000109 0
1 0102 00000000000000000000000000000109 0
1 0103 00000000000000000000000000000109 0
1 0104 00000000000000000000000000000109 0
1 0105 00000000000000000000000000000109 0
1 0106 00000000000000000000000000000109 0
1 0107 00000000000000000000000000000109 0
1 0108 0000000000000000ffffffff00000007 0
1 0109 00000000000000000000000000000121 0
1 010a 00000000000000000000000000000121 0
1 010b 00000000000000000000000000000121 0
1 010c 00000000000000000000000000000121 0
1 010d 00000000000000000000000000000121 0
1 010e 00000000000000000000000000000121 0
1 010f 00000000000000000000000000000121 0
1 0110 00000000000000000000000000000121 0
1 0111 00000000000000000000000000000121 0
1 0112 00000000000000000000000000000121 0
1 0113 00000000000000000000000000000121 0
1 0114 00000000000000000000000000000121 0
1 0115 00000000000000000000000000000121 0
1 0116 00000000000000000000000000000121 0
1 0117 00000000000000000000000000000121 0
1 0118 00000000000000000000000000000121 0
1 0119 00000000000000000000000000000121 0
1 011a 00000000000000000000000000000121 0
1 011b 00000000000000000000000000000121 0
1 011c 00000000000000000000000000000121 0
1 011d 00000000000000000000000000000121 0
1 011e 00000000000000000000000000000121 0
1 011f 00000000000000000000000000000121 0
1 0120 00000000000000000000000000000121 0
1 0121 00000000000000000000000000000121 0
1 0122 00000000000000000000000000000121 0
1 0123 00000000000000000000000000000121 0
1 0124 00000000000000000000000000000121 0
1 0125 00000000000000000000000000000121 0
1 0126 00000000000000000000000000000121 0
1 0127 00000000000000000000000000000121 0
1 0128 00000000000000000000000000000121 0
1 0129 000000000000ffff0000000000000007 0
1 012a 00000000000000000000000000000128 0
1 012b 00000000000000000000000000000128 0
1 012c 00000000000000000000000000000128 0
1 012d 00000000000000000000000000000128 0
1 012e 00000000000000000000000000000128 0
1 012f 00000000000000000000000000000128 0
1 0130 00000000000000000000000000000128 0
1 0131 00000000000000000000000000000128 0
1 0132 00000000000000000000000000000128 0
1 0133 00000000000000000000000000000128 0
1 0134 00000000000000000000000000000128 0
1 0135 00000000000000000000000000000128 0
1 0136 00000000000000000000000000000128 0
1 0137 00000000000000000000000000000128 0
1 0138 00000000000000000000000000000128 0
1 0139 00000000000000000000000000000128 0
1 013a 00000000000000000000000000000123 0
1 013b 00000000000000000000000000000123 0
1 013c 00000000000000000000000000000123 0
1 013d 00000000000000000000000000000123 0
1 013e 00000000000000000000000000000123 0
1 013f 00000000000000000000000000000123 0
1 0140 00000000000000000000000000000123 0
1 0141 00000000000000000000000000000123 0
1 0142 00000000000000000000000000000123 0
1 0143 00000000000000000000000000000123 0
1 0144 00000000000000000000000000000123 0
1 0145 00000000000000000000000000000123 0
1 0146 00000000000000000000000000000123 0
1 0147 00000000000000000000000000000123 0
1 0148 00000000000000000000000000000123 0
1 0149 00000000000000000000000000000123 0
1 014a 000000000000ffff0000000000000007 0
1 014b 00000000000000000000000000000128 0
1 014c 00000000000000000000000000000128 0
1 014d 00000000000000000000000000000128 0
1 014e 00000000000000000000000000000128 0
1 014f 00000000000000000000000000000128 0
1 0150 00000000000000000000000000000128 0
1 0151 00000000000000000000000000000128 0
1 0152 00000000000000000000000000000128 0
1 0153 00000000000000000000000000000128 0
1 0154 00000000000000000000000000000128 0
1 0155 00000000000000000000000000000128 0
1 0156 00000000000000000000000000000128 0
1 0157 00000000000000000000000000000128 0
1 0158 00000000000000000000000000000128 0
1 0159 00000000000000000000000000000128 0
1 015a 00000000000000000000000000000128 0
1 015b 00000000000000000000000000000122 0
1 015c 00000000000000000000000000000122 0
1 015d 00000000000000000000000000000122 0
1 015e 00000000000000000000000000000122 0
1 015f 00000000000000000000000000000122 0
1 0160 00000000000000000000000000000122 0
1 0161 00000000000000000000000000000122 0
1 0162 00000000000000000000000000000122 0
1 0163 00000000000000000000000000000122 0
1 0164 00000000000000000000000000000122 0
1 0165 00000000000000000000000000000122 0
1 0166 00000000000000000000000000000122 0
1 0167 00000000000000000000000000000122 0
1 0168 00000000000000000000000000000122 0
1 0169 00000000000000000000000000000122 0
1 016a 00000000000000000000000000000122 0
2 0000 00000000000000000000000000020000 0
2 0001 00000000000000000000000000008008 0
2 0002 0000000000000000000000000000020a 0
2 0003 0000000000000000000000000000800b 0
2 0004 0000000000000000000000000002000d 0
2 0005 00000000000000000000000000020015 0
2 0006 0000000000000000000000000002001d 0
2 0007 00000000000000000000000000020025 0
2 0008 0000000000000000000000000002002d 0
2 0009 00000000000000000000000000008035 0
3 0000 00000000000000000000000000000000 0
3 0001 00000000000000000000000000120840 0
3 0002 000000000000000000000000001bc75b 0
3 0003 0000000000000000000000000021fcf3 0
3 0004 00000000000000000000000000265263 0
3 0005 000000000000000000000000002987f6 0
3 0006 000000000000000000000000002c0264 0
3 0007 000000000000000000000000002dfbe7 1
2
11 ffffffff fec8801fdd1c0008fd007ea9c00fe56401fbbd403ff858000c5800fd64a00020d403f77a800066900fc00001ffb7403ff6a8001c6f00fd64a000037c0004d300000d900ffeca0001f8803f1c9007f51000025a00001fe40004fd007f9910002cb401fd4dc0003af80016de00
12 ffffffff fd34c01fd6fc000e370000c49000400001ffd9403fc0380001bd00001ea0004b2003fc0380007ff000178a01ff8f403f712800033500fe88401ff59003fb9c807eba800ffeca01fd91003fa2080002b20000cde01fb81803fb8900008d800fee6401f8a7003fb94007f65a00
0029900
002a100
003f500
003f900
7ffb300
00f1400
0016300
001df00
0036800
0001900
7fe3e00
7fde100
7fd6f00
0007900
7fc1600
0000000
7ffcb00
0062900
7fc1700
001ad00
0074500
7ffd100
7ff1600
0000000
000f200
0014600
7ff1a00
7fe5d00
7ff9600
0032500
001c600
002b000
7ffdd00
0023400
001b400
0004c00
7ffda00
000c000
0018700
000cf00
7faa500
001a900
0059100
0000100
7ff9900
0038600
0044d00
7fc6200
004c900
0050500
7fd0e00
7ffb200
004c000
7ff8900
0007500
0009c00
0015800
7f8bd00
7ff0500
7fda800
0002600
0026100
7ff6200
7fd7600
7fb9200
7ffea00
0000000
7fd4200
7ff0f00
7ff2100
001f700
7fa1e00
7f8f500
7ff9f00
0002a00
0001500
0027100
0028400
0000400
0015200
0013e00
7fed200
7fd4c00
002fb00
000f900
0035b00
0002600
7f8ca00
7fb6300
003ec00
000d500
7fa3100
002c000
7fb9000
7fb1e00
000af00
0000000
7fdde00
0001300
004d600
7fe6900
7fe2d00
001f200
0044200
001f000
0009300
0022700
001e100
001aa00
0059d00
0000000
7fec600
7fce000
001ba00
003a500
7f83a00
7fff300
7fd4f00
7ff3200
7ffea00
0000500
7fee700
0000000
0000000
0004c00
7fff000
0052a00
7fc8e00
7fcd000
0000000
0000000
7ff8800
0006400
7fe6500
0027a00
7ff2000
7f1c200
0046400
002ba00
7fa9e00
7fcbb00
0000000
7f26f00
0008700
7fe8900
7fa0b00
0022000
0014000
7f8a400
0000100
0000000
0000000
7f2e600
0000000
7feff00
7fe1800
000eb00
0007500
006a800
0001900
000f100
7f82d00
7fbdf00
0007c00
7fc7000
7fcf600
7fa3c00
7ffda00
7ffdb00
7fcd900
7ff7a00
0020e00
002e000
000f300
000cb00
004de00
0029800
7fdb000
7fda800
0030800
7f55a00
0007700
005fb00
7fe4d00
7fd5300
7ffb300
7ff7200
0013200
0018800
0000000
005e700
0000000
7fb6300
0008800
7ffb100
7ff0700
003c100
0000000
000b200
7ffc900
0006f00
7fe2e00
7f7e200
0008500
7feed00
0032c00
0008b00
7ff5b00
7f62a00
003c500
0041100
7fc3200
0013700
0053200
0071d00
7fd6800
0000000
7ffc500
7ff7b00
0000000
0000000
0049600
7fcff00
005d900
7fe1700
7ffde00
7ffa400
7fed500
0013100
7fc7f00
0005900
005e700
7fef400
7fd5600
0027300
7ffb800
0000000
7ff4100
0000000
7ffac00
0010d00
0014500
7ff8900
7ff6b00
7fe2300
7f9e600
7fbdb00
7faf300
7fd0300
0033e00
7fd4000
0027b00
7fe3700
0032700
7fc4800
0022100
000000000000000000000000000000000000000000000000000000000000000000000000000000000000000000000000000000000000000000000000000000000000000000000000000000000000000000000000000000000000000000000000000000000000000000000000000000000000000000000000
000cfe0
7ffcd20
7ff90e0
000cce0
7ff5260
000b060
0005120
7fffbe0
0000da0
7ff0da0
0008020
7ffe720
7ffb1e0
7ff9de0
00035a0
7ff1ba0
000c6e0
7ffab20
7ff6c60
7ff52a0
00034e0
7ff52e0
00037e0
7ff5220
0009ce0
7fff160
7ff7b60
7ffd560
7ff98a0
0003760
7ff7a20
000bf60
7ff3120
7ffaa60
7fecde0
7ffc7a0
0004420
7ffefe0
00024a0
0002ea0
0000760
0001460
0003860
7ffdde0
7ff6220
7ff91a0
7ffa860
7ffdaa0
7ff7860
0001320
0004820
0010760
7ffb620
7fe87e0
0002020
7ff33a0
0006a20
7ffa360
0000820
00116e0
000a5e0
0001d60
7fff3e0
7ff82a0
