11585 1 1 2 1 16 2
32 64 2 1 331 6 16 24 889
0 0000 00000000000000040000000078000004 0
0 0001 00100000000000000000800000000001 0
0 0002 00080000000000100000800000030801 0
0 0003 0000000000000000000000005c000004 0
0 0004 00000000000000000000000060000004 0
0 0005 00000000000000100000000040000004 0
0 0006 00000000000000040000000044000004 0
0 0007 0000000000000001000000004c000004 0
0 0008 00000000000000008000000050000004 0
0 0009 00000000000000040000000078000004 0
0 000a 00080000000000600000800054010801 0
0 000b 00000000000002000000014a8400000b 0
0 000c 00000000000000000360000080000009 0
0 000d 0000000000000000038001ed0000000d 0
0 000e 00080000000000728000800000012021 0
0 000f 0010000ecc02011000209000000448a1 0
0 0010 000000000000000103a0013400000013 0
0 0011 0010008ec12201100020b80000004121 0
0 0012 000000000000000014e0000000000010 0
0 0013 0010000e0008001000008000000a2901 0
0 0014 00100000000000140000800000052861 0
0 0015 00100000000000100000800000050001 0
0 0016 00080000000000100000800000060801 0
0 0017 00070000000000100000c00000081001 0
0 0018 00000000000000000000000e74000005 0
0 0019 00000000000000000000000d6800000c 0
0 001a 0000000000000000014000000000000a 0
0 001b 00000000000000000000000000410014 0
0 001c 00000000000000010000000000410014 0
0 001d 00000000000000018000000000410014 0
0 001e 00000000000000028000000000410014 0
0 001f 00000000000000030000000000410014 0
0 0020 00000000000000040000000000410014 0
0 0021 00000000000000000000000064000004 0
0 0022 0000000000000000000000003c000004 0
0 0023 000000000000000003e0000e00000008 0
0 0024 00000000000000100000000030000004 0
0 0025 0000000000000002040000ce00000013 0
0 0026 00000000000000300000000030000004 0
0 0027 0000000000000002040000ce00000013 0
0 0028 0000000000200000000000003c000004 0
0 0029 0000400000000080000080078000b001 0
0 002a 00070000000000000000c0000000a801 0
0 002b 0008000e0000001100008000000f79a1 0
0 002c 00000000000000000000000004000004 0
0 002d 00000000000000100000000030000004 0
0 002e 00000000000000000000001608000017 0
0 002f 00000000000000000000000090000005 0
0 0030 0000000000000000000000021000000c 0
0 0031 0000821e000000b10020d4002c007b21 0
0 0032 000040000000001000008000140f7941 0
0 0033 0000000000000000800000003c000004 0
0 0034 0000000000000000000000f130000017 0
0 0035 00000000000000000980000500000008 0
0 0036 00000000000000000000000598000003 0
0 0037 00000000000000010720000280000013 0
0 0038 00000000000000000000000318000006 0
0 0039 00004000000000d0000080629c000201 0
0 003a 00004000000000d0000080532c000201 0
0 003b 000000000000000000000065a0000002 0
0 003c 000000000000000000000003a4000005 0
0 003d 000000000000000287e0000480000013 0
0 003e 000000000000000000000004a4000006 0
0 003f 00000000020000000000000028000004 0
0 0040 0000000000000000888000a480000013 0
0 0041 00000000040000000000000028000004 0
0 0042 000000000000000d8000000024000004 0
0 0043 000000000000000008a000000000000a 0
0 0044 000000000000000000090004a8000007 0
0 0045 00000000000000000000007528000002 0
0 0046 00009ec0000000100000c000000f8161 0
0 0047 00030000000000500009c00500107041 0
0 0048 00009ec001c000100000c000000f7181 0
0 0049 0000000000200000000000003c000004 0
0 004a 00008000000000900000c007800e72a1 0
0 004b 00000000000000000a2000000000000a 0
0 004c 00000000000000000000000298000005 0
0 004d 00000000000000000000000020000004 0
0 004e 00008000000000000000c00000007001 0
0 004f 0000000000200000000000003c000004 0
0 0050 00008000000000900000c007800e72a1 0
0 0051 00000000000000000400000300000008 0
0 0052 00070200000000900000c0040015aaa1 0
0 0053 00008000000000900000c003000e7aa1 0
0 0054 0000821e000000110000c000000f79e1 0
0 0055 0000000000000000000000020c000005 0
0 0056 00000000000000000cc0000400000008 0
0 0057 00000000000000008000000034000004 0
0 0058 00000000000000000cc001c18000000d 0
0 0059 00000000000000000000003e30000017 0
0 005a 00000000000000028c8000d600000013 0
0 005b 0000861e000000110000c000001081c1 0
0 005c 00008000000000500000c0002e0e8001 0
0 005d 000000000000000000000005ac000018 0
0 005e 00004000000000e0000080b430000201 0
0 005f 00008000000000400000c0c0000e8801 0
0 0060 00008000000000300000c00002308001 0
0 0061 0000861e000000110000c000001081e1 0
0 0062 0000000000000000000000018c00000c 0
0 0063 00000000000000000b0000000000000a 0
0 0064 0000861e000000c10000c004000e0281 0
0 0065 00000000000000000cc000000000000a 0
0 0066 0000000000000000000000008400000c 0
0 0067 000000000000000105a001c080000013 0
0 0068 0008000e000000718000800000038021 0
0 0069 00070000000000600000c00034108001 0
0 006a 00080000000000100000800000039001 0
0 006b 00000000000000001000000000000010 0
0 006c 00080000000000100000800000126801 0
0 006d 00000000000000008000000064000004 0
0 006e 00070000000000140000c00000145061 0
0 006f 0007000e000000710000c000000a8021 0
0 0070 00080000000000300000800002039801 0
0 0071 0008000e000000718000800000138021 0
0 0072 00070000000000600000c00038108001 0
0 0073 0000000000000601000000d73c00000b 0
0 0074 00000000000000000fa0000780000009 0
0 0075 0000000000000001800000003c000004 0
0 0076 000000000000000003e000fc8000000d 0
0 0077 00080000000000100000800000139001 0
0 0078 00000000000000001000000000000010 0
0 0079 00070000000000200000c000028aa001 0
0 007a 00070000000000140000c00000145061 0
0 007b 00000000000000000000000ce400000c 0
0 007c 00000000000000000de000000000000a 0
0 007d 00080000000000100000800000133001 0
0 007e 0000000000000000800000003c000004 0
0 007f 00000000000000000000000000000011 0
0 0080 00000000000000000000000004000004 0
0 0081 00000000000000100000000030000004 0
0 0082 00000000000000000000001608000017 0
0 0083 00070200000000100000c0002015a941 0
0 0084 00000000000000001180000400000008 0
0 0085 0000000000200000000000003c000004 0
0 0086 0000821e000004a10000c007ac127301 0
0 0087 000000000000000000000005ac000018 0
0 0088 00004000000000e0000080b430000201 0
0 0089 00008000000000400000c0c0000e8801 0
0 008a 00008200000000300000c000023282c1 0
0 008b 00080220020000100000800000129181 0
0 008c 0000000000000000000000008400000c 0
0 008d 0000000000000001102001c080000013 0
0 008e 00070000000000000000c0000000a001 0
0 008f 0000000000000000800000003c000004 0
0 0090 0000000000000000000000fe04000017 0
0 0091 00000000000000000000001e08000017 0
0 0092 00000000000000000000000090000005 0
0 0093 0000000000000000000000021000000c 0
0 0094 0000000000000000800000003c000004 0
0 0095 0000000000000000000000f130000017 0
0 0096 0000000000000000000000002c000004 0
0 0097 00000000000000001380000600000008 0
0 0098 0000821e000003a10000c0002c147b01 0
0 0099 0000400000000010000080001c0f7941 0
0 009a 000000000000000000000005ac000018 0
0 009b 000000000000000013e000000000000a 0
0 009c 0000821e000001110000c000000f79c1 0
0 009d 0000400000000010000080001c0f7941 0
0 009e 000000000000000013e000000000000a 0
0 009f 00080200000000100000800014129141 0
0 00a0 00004000000000d0000080b294000201 0
0 00a1 00000000000000000000007294000002 0
0 00a2 00070200000000900000c0028014a2a1 0
0 00a3 000000000000000014c0000080000008 0
0 00a4 0000000000000000000000f084000017 0
0 00a5 0000000000000000122000000000000a 0
0 00a6 00000000000000000000000000000011 0
0 00a7 00000000000000001640000b80000008 0
0 00a8 00000000000000019640017e00000013 0
0 00a9 0005c000000000300000c00001684801 0
0 00aa 0005c000000000600000c0006c094801 0
0 00ab 00000000000000001640000d80000009 0
0 00ac 00000000000000000000000be0000005 0
0 00ad 0000000000000000000000005c000004 0
0 00ae 00000000000000000000000e00080015 0
0 00af 0008300e000000f10000800000000261 0
0 00b0 00000000000000001720000000000010 0
0 00b1 000000000000000016a000000000000a 0
0 00b2 0000000000000000000000005c000004 0
0 00b3 00000000000000000000000e00080015 0
0 00b4 00000000000000000420000000000010 0
0 00b5 00070000000000100000c00000085801 0
0 00b6 00070000000000100000c00000156001 0
0 00b7 00000000000000000000000e5c000005 0
0 00b8 00000000000000000000000000000011 0
0 00b9 00070000000000000000c0000000a801 0
0 00ba 00070180018000100000c0000015a981 0
0 00bb 00000000000000000000000004000004 0
0 00bc 00000000000000001a2001808000000d 0
0 00bd 00000000000000100000000030000004 0
0 00be 00000000000000000000001608000017 0
0 00bf 0000821e000000110000c000000e71c1 0
0 00c0 0000000000200000000000003c000004 0
0 00c1 00008000000000900000c007800e72a1 0
0 00c2 00060200000000100000c000200cb941 0
0 00c3 000000000000000019e0000400000008 0
0 00c4 00000000000000000000000c0c000005 0
0 00c5 000000000000000019e001c18000000d 0
0 00c6 0000861e000000110000c000001081c1 0
0 00c7 00008000000000500000c0002e0e8001 0
0 00c8 000000000000000000000005ac000018 0
0 00c9 00004000000000e0000080b430000201 0
0 00ca 00008000000000400000c0c0000e8801 0
0 00cb 00008000000000300000c00002308001 0
0 00cc 0000861e000000110000c000001081e1 0
0 00cd 0000000000000000000000018c00000c 0
0 00ce 000000000000000018a000000000000a 0
0 00cf 0000000000000000000000008400000c 0
0 00d0 0000000000000000178000000000000a 0
0 00d1 00000000000000000000000c04000005 0
0 00d2 00000000000000100000000030000004 0
0 00d3 00000000000000000000001608000017 0
0 00d4 00000000000000000000000090000005 0
0 00d5 0000000000000000000000021000000c 0
0 00d6 0000821e000000b10020d4002c007b21 0
0 00d7 00008000000000100000c000140fb941 0
0 00d8 0000000000000000800000003c000004 0
0 00d9 0000000000000000000000f130000017 0
0 00da 00000000000000001e20000500000008 0
0 00db 00000000000000000000000598000003 0
0 00dc 00000000000000011bc0000280000013 0
0 00dd 00000000000000000000000318000006 0
0 00de 00004000000000d0000080629c000201 0
0 00df 00004000000000d0000080532c000201 0
0 00e0 000000000000000000000065a0000002 0
0 00e1 000000000000000000000003a4000005 0
0 00e2 00000000000000029c80000480000013 0
0 00e3 000000000000000000000004a4000006 0
0 00e4 00000000020000000000000028000004 0
0 00e5 00000000000000009d2000a480000013 0
0 00e6 00000000040000000000000028000004 0
0 00e7 000000000000000d8000000024000004 0
0 00e8 00000000000000001d4000000000000a 0
0 00e9 000000000000000000090004a8000007 0
0 00ea 00000000000000000000007528000002 0
0 00eb 00009ec0000000100000c000000f8161 0
0 00ec 00030000000000500009c00500107041 0
0 00ed 00009ec001c000100000c000000f7181 0
0 00ee 0000000000200000000000003c000004 0
0 00ef 00008000000000900000c007800e72a1 0
0 00f0 00000000000000001ec000000000000a 0
0 00f1 00000000000000000000000298000005 0
0 00f2 00000000000000000000000020000004 0
0 00f3 00008000000000000000c00000007001 0
0 00f4 0000000000200000000000003c000004 0
0 00f5 00008000000000900000c007800e72a1 0
0 00f6 00000000000000000400000300000008 0
0 00f7 00070200000000900000c0040015aaa1 0
0 00f8 00008000000000900000c003000e7aa1 0
0 00f9 0000821e000000110000c000000f79e1 0
0 00fa 0000000000000000000000020c000005 0
0 00fb 00000000000000002160000400000008 0
0 00fc 00000000000000008000000034000004 0
0 00fd 0000000000000000216001c18000000d 0
0 00fe 00000000000000000000003e30000017 0
0 00ff 0000000000000002a12000d600000013 0
0 0100 0000861e000000110000c000001081c1 0
0 0101 00008000000000500000c0002e0e8001 0
0 0102 000000000000000000000005ac000018 0
0 0103 00004000000000e0000080b430000201 0
0 0104 00008000000000400000c0c0000e8801 0
0 0105 00008000000000300000c00002308001 0
0 0106 0000861e000000110000c000001081e1 0
0 0107 0000000000000000000000018c00000c 0
0 0108 00000000000000001fa000000000000a 0
0 0109 0000861e000000c10000c004000e0281 0
0 010a 0000000000000000216000000000000a 0
0 010b 0000000000000000000000008400000c 0
0 010c 00000000000000011a4001c080000013 0
0 010d 0008000e000000718000800000038021 0
0 010e 00070000000000600000c00034108001 0
0 010f 000800000000001000008000000d9001 0
0 0110 00000000000000000000000c04000005 0
0 0111 000000000000000023e001c08000000d 0
0 0112 00000000000000100000000030000004 0
0 0113 00000000000000000000001608000017 0
0 0114 00070200000000100000c0002015b941 0
0 0115 000000000000000023a0000400000008 0
0 0116 0000000000200000000000003c000004 0
0 0117 0000821e000004a10000c007ac127301 0
0 0118 000000000000000000000005ac000018 0
0 0119 00004000000000e0000080b430000201 0
0 011a 00008000000000400000c0c0000e8801 0
0 011b 00008200000000300000c000023282c1 0
0 011c 00080220020000100000800000129181 0
0 011d 0000000000000000000000008400000c 0
0 011e 0000000000000000222000000000000a 0
0 011f 00080000000000100000800000126801 0
0 0120 00070000000000000000c0000000a001 0
0 0121 0000000000000000800000003c000004 0
0 0122 0000000000000000000000fe04000017 0
0 0123 00000000000000000000001e08000017 0
0 0124 00000000000000000000000090000005 0
0 0125 0000000000000000000000021000000c 0
0 0126 0000000000000000800000003c000004 0
0 0127 0000000000000000000000f130000017 0
0 0128 0000000000000000000000002c000004 0
0 0129 000000000000000025c0000600000008 0
0 012a 0000821e000003a10000c0002c147b01 0
0 012b 0000400000000010000080001c0fb941 0
0 012c 000000000000000000000005ac000018 0
0 012d 0000000000000000262000000000000a 0
0 012e 0000821e000001110000c000000f79c1 0
0 012f 00008000000000100000c0001c0fb941 0
0 0130 0000000000000000262000000000000a 0
0 0131 00070200000000100000c0001412b941 0
0 0132 00004000000000d0000080b294000201 0
0 0133 00000000000000000000007294000002 0
0 0134 00070200000000900000c0028014a2a1 0
0 0135 00000000000000002700000080000008 0
0 0136 0000000000000000000000f084000017 0
0 0137 0000000000000000246000000000000a 0
0 0138 00000000000000008000000064000004 0
0 0139 00070000000000140000c00000145061 0
0 013a 0007000e000000710000c000000a8021 0
0 013b 00080000000000300000800002039801 0
0 013c 0008000e000000718000800000138021 0
0 013d 00070000000000600000c00038108001 0
0 013e 0000000000000a02000000d73c00000b 0
0 013f 00000000000000002900000780000009 0
0 0140 0000000000000001800000003c000004 0
0 0141 000000000000000003e000fc8000000d 0
0 0142 00080000000000100000800000139001 0
0 0143 00000000000000001000000000000010 0
0 0144 00070000000000200000c000028aa001 0
0 0145 00070000000000140000c00000145061 0
0 0146 00000000000000000000000ce400000c 0
0 0147 0000000000000000274000000000000a 0
0 0148 00080000000000100000800000133001 0
0 0149 0000000000000000800000003c000004 0
0 014a 00000000000000000000000000000011 0
1 0000 00000000000000000000000000000007 0
1 0001 000000000000000000000000000003e1 0
1 0002 000000000000000000000000000003e1 0
1 0003 000000000000000000000000000003e1 0
1 0004 000000000000000000000000000003e1 0
1 0005 000000000000000000000000000003e1 0
1 0006 000000000000000000000000000003e1 0
1 0007 000000000000000000000000000003e1 0
1 0008 000000000000000000000000000003e1 0
1 0009 000000000000000000000000000003e1 0
1 000a 000000000000000000000000000003e1 0
1 000b 000000000000000000000000000003e1 0
1 000c 000000000000000000000000000003e1 0
1 000d 000000000000000000000000000003e1 0
1 000e 000000000000000000000000000003e1 0
1 000f 000000000000000000000000000003e1 0
1 0010 000000000000000000000000000003e1 0
1 0011 000000000000000000000000000003e1 0
1 0012 000000000000000000000000000003e1 0
1 0013 000000000000000000000000000003e1 0
1 0014 000000000000000000000000000003e1 0
1 0015 000000000000000000000000000003e1 0
1 0016 000000000000000000000000000003e1 0
1 0017 000000000000000000000000000003e1 0
1 0018 000000000000000000000000000003e1 0
1 0019 000000000000000000000000000003e1 0
1 001a 000000000000000000000000000003e1 0
1 001b 000000000000000000000000000003e1 0
1 001c 000000000000000000000000000003e1 0
1 001d 000000000000000000000000000003e1 0
1 001e 000000000000000000000000000003e1 0
1 001f 000000000000000000000000000003e1 0
1 0020 000000000000000000000000000003e1 0
1 0021 00000000000000000000000000000007 0
1 0022 00000000000000000000000000000121 0
1 0023 00000000000000000000000000000121 0
1 0024 00000000000000000000000000000121 0
1 0025 00000000000000000000000000000121 0
1 0026 00000000000000000000000000000121 0
1 0027 00000000000000000000000000000121 0
1 0028 00000000000000000000000000000121 0
1 0029 00000000000000000000000000000121 0
1 002a 00000000000000000000000000000121 0
1 002b 00000000000000000000000000000121 0
1 002c 00000000000000000000000000000121 0
1 002d 00000000000000000000000000000121 0
1 002e 00000000000000000000000000000121 0
1 002f 00000000000000000000000000000121 0
1 0030 00000000000000000000000000000121 0
1 0031 00000000000000000000000000000121 0
1 0032 00000000000000000000000000000121 0
1 0033 00000000000000000000000000000121 0
1 0034 00000000000000000000000000000121 0
1 0035 00000000000000000000000000000121 0
1 0036 00000000000000000000000000000121 0
1 0037 00000000000000000000000000000121 0
1 0038 00000000000000000000000000000121 0
1 0039 00000000000000000000000000000121 0
1 003a 00000000000000000000000000000121 0
1 003b 00000000000000000000000000000121 0
1 003c 00000000000000000000000000000121 0
1 003d 00000000000000000000000000000121 0
1 003e 00000000000000000000000000000121 0
1 003f 00000000000000000000000000000121 0
1 0040 00000000000000000000000000000121 0
1 0041 00000000000000000000000000000121 0
1 0042 00000000000000000000000000000007 0
1 0043 00000000000000000000000000000122 0
1 0044 00000000000000000000000000000122 0
1 0045 00000000000000000000000000000122 0
1 0046 00000000000000000000000000000122 0
1 0047 00000000000000000000000000000122 0
1 0048 00000000000000000000000000000122 0
1 0049 00000000000000000000000000000122 0
1 004a 00000000000000000000000000000122 0
1 004b 00000000000000000000000000000122 0
1 004c 00000000000000000000000000000122 0
1 004d 00000000000000000000000000000122 0
1 004e 00000000000000000000000000000122 0
1 004f 00000000000000000000000000000122 0
1 0050 00000000000000000000000000000122 0
1 0051 00000000000000000000000000000122 0
1 0052 00000000000000000000000000000122 0
1 0053 00000000000000000000000000000122 0
1 0054 00000000000000000000000000000122 0
1 0055 00000000000000000000000000000122 0
1 0056 00000000000000000000000000000122 0
1 0057 00000000000000000000000000000122 0
1 0058 00000000000000000000000000000122 0
1 0059 00000000000000000000000000000122 0
1 005a 00000000000000000000000000000122 0
1 005b 00000000000000000000000000000122 0
1 005c 00000000000000000000000000000122 0
1 005d 00000000000000000000000000000122 0
1 005e 00000000000000000000000000000122 0
1 005f 00000000000000000000000000000122 0
1 0060 00000000000000000000000000000122 0
1 0061 00000000000000000000000000000122 0
1 0062 00000000000000000000000000000122 0
1 0063 00000000000000000000000000000007 0
1 0064 00000000000000000000000000000123 0
1 0065 00000000000000000000000000000123 0
1 0066 00000000000000000000000000000123 0
1 0067 00000000000000000000000000000123 0
1 0068 00000000000000000000000000000123 0
1 0069 00000000000000000000000000000123 0
1 006a 00000000000000000000000000000123 0
1 006b 00000000000000000000000000000123 0
1 006c 00000000000000000000000000000123 0
1 006d 00000000000000000000000000000123 0
1 006e 00000000000000000000000000000123 0
1 006f 00000000000000000000000000000123 0
1 0070 00000000000000000000000000000123 0
1 0071 00000000000000000000000000000123 0
1 0072 00000000000000000000000000000123 0
1 0073 00000000000000000000000000000123 0
1 0074 00000000000000000000000000000123 0
1 0075 00000000000000000000000000000123 0
1 0076 00000000000000000000000000000123 0
1 0077 00000000000000000000000000000123 0
1 0078 00000000000000000000000000000123 0
1 0079 00000000000000000000000000000123 0
1 007a 00000000000000000000000000000123 0
1 007b 00000000000000000000000000000123 0
1 007c 00000000000000000000000000000123 0
1 007d 00000000000000000000000000000123 0
1 007e 00000000000000000000000000000123 0
1 007f 00000000000000000000000000000123 0
1 0080 00000000000000000000000000000123 0
1 0081 00000000000000000000000000000123 0
1 0082 00000000000000000000000000000123 0
1 0083 00000000000000000000000000000123 0
1 0084 00000000ffffffff0000000000000007 0
1 0085 00000000000000000000000000000128 0
1 0086 00000000000000000000000000000128 0
1 0087 00000000000000000000000000000128 0
1 0088 00000000000000000000000000000128 0
1 0089 00000000000000000000000000000128 0
1 008a 00000000000000000000000000000128 0
1 008b 00000000000000000000000000000128 0
1 008c 00000000000000000000000000000128 0
1 008d 00000000000000000000000000000128 0
1 008e 00000000000000000000000000000128 0
1 008f 00000000000000000000000000000128 0
1 0090 00000000000000000000000000000128 0
1 0091 00000000000000000000000000000128 0
1 0092 00000000000000000000000000000128 0
1 0093 00000000000000000000000000000128 0
1 0094 00000000000000000000000000000128 0
1 0095 00000000000000000000000000000128 0
1 0096 00000000000000000000000000000128 0
1 0097 00000000000000000000000000000128 0
1 0098 00000000000000000000000000000128 0
1 0099 00000000000000000000000000000128 0
1 009a 00000000000000000000000000000128 0
1 009b 00000000000000000000000000000128 0
1 009c 00000000000000000000000000000128 0
1 009d 00000000000000000000000000000128 0
1 009e 00000000000000000000000000000128 0
1 009f 00000000000000000000000000000128 0
1 00a0 00000000000000000000000000000128 0
1 00a1 00000000000000000000000000000128 0
1 00a2 00000000000000000000000000000128 0
1 00a3 00000000000000000000000000000128 0
1 00a4 00000000000000000000000000000128 0
1 00a5 00000000000000000000000000000017 0
1 00a6 00000000000000000000000000000129 0
1 00a7 00000000000000000000000000000129 0
1 00a8 00000000000000000000000000000129 0
1 00a9 00000000000000000000000000000129 0
1 00aa 00000000000000000000000000000129 0
1 00ab 00000000000000000000000000000129 0
1 00ac 00000000000000000000000000000129 0
1 00ad 00000000000000000000000000000129 0
1 00ae 00000000000000000000000000000129 0
1 00af 00000000000000000000000000000129 0
1 00b0 00000000000000000000000000000129 0
1 00b1 00000000000000000000000000000129 0
1 00b2 00000000000000000000000000000129 0
1 00b3 00000000000000000000000000000129 0
1 00b4 00000000000000000000000000000129 0
1 00b5 00000000000000000000000000000129 0
1 00b6 00000000000000000000000000000129 0
1 00b7 00000000000000000000000000000129 0
1 00b8 00000000000000000000000000000129 0
1 00b9 00000000000000000000000000000129 0
1 00ba 00000000000000000000000000000129 0
1 00bb 00000000000000000000000000000129 0
1 00bc 00000000000000000000000000000129 0
1 00bd 00000000000000000000000000000129 0
1 00be 00000000000000000000000000000129 0
1 00bf 00000000000000000000000000000129 0
1 00c0 00000000000000000000000000000129 0
1 00c1 00000000000000000000000000000129 0
1 00c2 00000000000000000000000000000129 0
1 00c3 00000000000000000000000000000129 0
1 00c4 00000000000000000000000000000129 0
1 00c5 00000000000000000000000000000129 0
1 00c6 00000000000000000000000000000017 0
1 00c7 00000000000000000000000000000029 0
1 00c8 00000000000000000000000000000029 0
1 00c9 00000000000000000000000000000029 0
1 00ca 00000000000000000000000000000029 0
1 00cb 00000000000000000000000000000029 0
1 00cc 00000000000000000000000000000029 0
1 00cd 00000000000000000000000000000029 0
1 00ce 00000000000000000000000000000029 0
1 00cf 00000000000000000000000000000029 0
1 00d0 00000000000000000000000000000029 0
1 00d1 00000000000000000000000000000029 0
1 00d2 00000000000000000000000000000029 0
1 00d3 00000000000000000000000000000029 0
1 00d4 00000000000000000000000000000029 0
1 00d5 00000000000000000000000000000029 0
1 00d6 00000000000000000000000000000029 0
1 00d7 00000000000000000000000000000029 0
1 00d8 00000000000000000000000000000029 0
1 00d9 00000000000000000000000000000029 0
1 00da 00000000000000000000000000000029 0
1 00db 00000000000000000000000000000029 0
1 00dc 00000000000000000000000000000029 0
1 00dd 00000000000000000000000000000029 0
1 00de 00000000000000000000000000000029 0
1 00df 00000000000000000000000000000029 0
1 00e0 00000000000000000000000000000029 0
1 00e1 00000000000000000000000000000029 0
1 00e2 00000000000000000000000000000029 0
1 00e3 00000000000000000000000000000029 0
1 00e4 00000000000000000000000000000029 0
1 00e5 00000000000000000000000000000029 0
1 00e6 00000000000000000000000000000029 0
1 00e7 00000000000000000000000000000017 0
1 00e8 00000000000000000000000000000109 0
1 00e9 00000000000000000000000000000109 0
1 00ea 00000000000000000000000000000109 0
1 00eb 00000000000000000000000000000109 0
1 00ec 00000000000000000000000000000109 0
1 00ed 00000000000000000000000000000109 0
1 00ee 00000000000000000000000000000109 0
1 00ef 00000000000000000000000000000109 0
1 00f0 00000000000000000000000000000109 0
1 00f1 00000000000000000000000000000109 0
1 00f2 00000000000000000000000000000109 0
1 00f3 00000000000000000000000000000109 0
1 00f4 00000000000000000000000000000109 0
1 00f5 00000000000000000000000000000109 0
1 00f6 00000000000000000000000000000109 0
1 00f7 00000000000000000000000000000109 0
1 00f8 00000000000000000000000000000109 0
1 00f9 00000000000000000000000000000109 0
1 00fa 00000000000000000000000000000109 0
1 00fb 00000000000000000000000000000109 0
1 00fc 00000000000000000000000000000109 0
1 00fd 00000000000000000000000000000109 0
1 00fe 00000000000000000000000000000109 0
1 00ff 00000000000000000000000000000109 0
1 0100 00000000000000000000000000000109 0
1 0101 00000000000000000000000000000109 0
1 0102 00000000000000000000000000000109 0
1 0103 00000000000000000000000000000109 0
1 0104 00000000000000000000000000000109 0
1 0105 00000000000000000000000000000109 0
1 0106 00000000000000000000000000000109 0
1 0107 00000000000000000000000000000109 0
1 0108 0000000000000000ffffffff00000007 0
1 0109 00000000000000000000000000000121 0
1 010a 00000000000000000000000000000121 0
1 010b 00000000000000000000000000000121 0
1 010c 00000000000000000000000000000121 0
1 010d 00000000000000000000000000000121 0
1 010e 00000000000000000000000000000121 0
1 010f 00000000000000000000000000000121 0
1 0110 00000000000000000000000000000121 0
1 0111 00000000000000000000000000000121 0
1 0112 00000000000000000000000000000121 0
1 0113 00000000000000000000000000000121 0
1 0114 00000000000000000000000000000121 0
1 0115 00000000000000000000000000000121 0
1 0116 00000000000000000000000000000121 0
1 0117 00000000000000000000000000000121 0
1 0118 00000000000000000000000000000121 0
1 0119 00000000000000000000000000000121 0
1 011a 00000000000000000000000000000121 0
1 011b 00000000000000000000000000000121 0
1 011c 00000000000000000000000000000121 0
1 011d 00000000000000000000000000000121 0
1 011e 00000000000000000000000000000121 0
1 011f 00000000000000000000000000000121 0
1 0120 00000000000000000000000000000121 0
1 0121 00000000000000000000000000000121 0
1 0122 00000000000000000000000000000121 0
1 0123 00000000000000000000000000000121 0
1 0124 00000000000000000000000000000121 0
1 0125 00000000000000000000000000000121 0
1 0126 00000000000000000000000000000121 0
1 0127 00000000000000000000000000000121 0
1 0128 00000000000000000000000000000121 0
1 0129 00000000000000000000000000000000 0
1 012a 00000000000000000000000000000000 0
1 012b 00000000000000000000000000000000 0
1 012c 00000000000000000000000000000000 0
1 012d 00000000000000000000000000000000 0
1 012e 00000000000000000000000000000000 0
1 012f 00000000000000000000000000000000 0
1 0130 00000000000000000000000000000000 0
1 0131 00000000000000000000000000000000 0
1 0132 00000000000000000000000000000000 0
1 0133 00000000000000000000000000000000 0
1 0134 00000000000000000000000000000000 0
1 0135 00000000000000000000000000000000 0
1 0136 00000000000000000000000000000000 0
1 0137 00000000000000000000000000000000 0
1 0138 00000000000000000000000000000000 0
1 0139 00000000000000000000000000000000 0
1 013a 00000000000000000000000000000000 0
1 013b 00000000000000000000000000000000 0
1 013c 00000000000000000000000000000000 0
1 013d 00000000000000000000000000000000 0
1 013e 00000000000000000000000000000000 0
1 013f 00000000000000000000000000000000 0
1 0140 00000000000000000000000000000000 0
1 0141 00000000000000000000000000000000 0
1 0142 00000000000000000000000000000000 0
1 0143 00000000000000000000000000000000 0
1 0144 00000000000000000000000000000000 0
1 0145 00000000000000000000000000000000 0
1 0146 00000000000000000000000000000000 0
1 0147 00000000000000000000000000000000 0
1 0148 00000000000000000000000000000000 0
1 0149 00000000000000000000000000000000 0
1 014a 00000000000000000000000000000017 0
1 014b 00000000000000000000000000000129 0
1 014c 00000000000000000000000000000129 0
1 014d 00000000000000000000000000000129 0
1 014e 00000000000000000000000000000129 0
1 014f 00000000000000000000000000000129 0
1 0150 00000000000000000000000000000129 0
1 0151 00000000000000000000000000000129 0
1 0152 00000000000000000000000000000129 0
1 0153 00000000000000000000000000000129 0
1 0154 00000000000000000000000000000129 0
1 0155 00000000000000000000000000000129 0
1 0156 00000000000000000000000000000129 0
1 0157 00000000000000000000000000000129 0
1 0158 00000000000000000000000000000129 0
1 0159 00000000000000000000000000000129 0
1 015a 00000000000000000000000000000129 0
1 015b 00000000000000000000000000000129 0
1 015c 00000000000000000000000000000129 0
1 015d 00000000000000000000000000000129 0
1 015e 00000000000000000000000000000129 0
1 015f 00000000000000000000000000000129 0
1 0160 00000000000000000000000000000129 0
1 0161 00000000000000000000000000000129 0
1 0162 00000000000000000000000000000129 0
1 0163 00000000000000000000000000000129 0
1 0164 00000000000000000000000000000129 0
1 0165 00000000000000000000000000000129 0
1 0166 00000000000000000000000000000129 0
1 0167 00000000000000000000000000000129 0
1 0168 00000000000000000000000000000129 0
1 0169 00000000000000000000000000000129 0
1 016a 00000000000000000000000000000129 0
1 016b 00000000000000000000000000000017 0
1 016c 00000000000000000000000000000129 0
1 016d 00000000000000000000000000000129 0
1 016e 00000000000000000000000000000129 0
1 016f 00000000000000000000000000000129 0
1 0170 00000000000000000000000000000129 0
1 0171 00000000000000000000000000000129 0
1 0172 00000000000000000000000000000129 0
1 0173 00000000000000000000000000000129 0
1 0174 00000000000000000000000000000129 0
1 0175 00000000000000000000000000000129 0
1 0176 00000000000000000000000000000129 0
1 0177 00000000000000000000000000000129 0
1 0178 00000000000000000000000000000129 0
1 0179 00000000000000000000000000000129 0
1 017a 00000000000000000000000000000129 0
1 017b 00000000000000000000000000000129 0
1 017c 00000000000000000000000000000129 0
1 017d 00000000000000000000000000000129 0
1 017e 00000000000000000000000000000129 0
1 017f 00000000000000000000000000000129 0
1 0180 00000000000000000000000000000129 0
1 0181 00000000000000000000000000000129 0
1 0182 00000000000000000000000000000129 0
1 0183 00000000000000000000000000000129 0
1 0184 00000000000000000000000000000129 0
1 0185 00000000000000000000000000000129 0
1 0186 00000000000000000000000000000129 0
1 0187 00000000000000000000000000000129 0
1 0188 00000000000000000000000000000129 0
1 0189 00000000000000000000000000000129 0
1 018a 00000000000000000000000000000129 0
1 018b 00000000000000000000000000000129 0
1 018c 0000000000000000000000000000001f 0
1 018d 00000000000000000000000000000129 0
1 018e 00000000000000000000000000000128 0
1 018f 00000000000000000000000000000123 0
1 0190 00000000000000000000000000000000 0
1 0191 00000000000000000000000000000000 0
1 0192 00000000000000000000000000000000 0
1 0193 00000000000000000000000000000000 0
1 0194 00000000000000000000000000000000 0
1 0195 00000000000000000000000000000000 0
1 0196 00000000000000000000000000000000 0
1 0197 00000000000000000000000000000000 0
1 0198 00000000000000000000000000000000 0
1 0199 00000000000000000000000000000000 0
1 019a 00000000000000000000000000000000 0
1 019b 00000000000000000000000000000000 0
1 019c 00000000000000000000000000000000 0
1 019d 00000000000000000000000000000000 0
1 019e 00000000000000000000000000000000 0
1 019f 00000000000000000000000000000000 0
1 01a0 00000000000000000000000000000000 0
1 01a1 00000000000000000000000000000000 0
1 01a2 00000000000000000000000000000000 0
1 01a3 00000000000000000000000000000000 0
1 01a4 00000000000000000000000000000000 0
1 01a5 00000000000000000000000000000000 0
1 01a6 00000000000000000000000000000000 0
1 01a7 00000000000000000000000000000000 0
1 01a8 00000000000000000000000000000000 0
1 01a9 00000000000000000000000000000000 0
1 01aa 00000000000000000000000000000000 0
1 01ab 00000000000000000000000000000000 0
1 01ac 00000000000000000000000000000000 0
1 01ad 00000000000000010000000100000007 0
1 01ae 00000000000000000000000000000123 0
1 01af 00000000000000000000000000000123 0
1 01b0 00000000000000000000000000000123 0
1 01b1 00000000000000000000000000000123 0
1 01b2 00000000000000000000000000000123 0
1 01b3 00000000000000000000000000000123 0
1 01b4 00000000000000000000000000000123 0
1 01b5 00000000000000000000000000000123 0
1 01b6 00000000000000000000000000000123 0
1 01b7 00000000000000000000000000000123 0
1 01b8 00000000000000000000000000000123 0
1 01b9 00000000000000000000000000000123 0
1 01ba 00000000000000000000000000000123 0
1 01bb 00000000000000000000000000000123 0
1 01bc 00000000000000000000000000000123 0
1 01bd 00000000000000000000000000000123 0
1 01be 00000000000000000000000000000123 0
1 01bf 00000000000000000000000000000123 0
1 01c0 00000000000000000000000000000123 0
1 01c1 00000000000000000000000000000123 0
1 01c2 00000000000000000000000000000123 0
1 01c3 00000000000000000000000000000123 0
1 01c4 00000000000000000000000000000123 0
1 01c5 00000000000000000000000000000123 0
1 01c6 00000000000000000000000000000123 0
1 01c7 00000000000000000000000000000123 0
1 01c8 00000000000000000000000000000123 0
1 01c9 00000000000000000000000000000123 0
1 01ca 00000000000000000000000000000123 0
1 01cb 00000000000000000000000000000123 0
1 01cc 00000000000000000000000000000123 0
1 01cd 00000000000000000000000000000123 0
1 01ce 00000000000000010000000100000007 0
1 01cf 00000000000000000000000000000128 0
1 01d0 00000000000000000000000000000128 0
1 01d1 00000000000000000000000000000128 0
1 01d2 00000000000000000000000000000128 0
1 01d3 00000000000000000000000000000128 0
1 01d4 00000000000000000000000000000128 0
1 01d5 00000000000000000000000000000128 0
1 01d6 00000000000000000000000000000128 0
1 01d7 00000000000000000000000000000128 0
1 01d8 00000000000000000000000000000128 0
1 01d9 00000000000000000000000000000128 0
1 01da 00000000000000000000000000000128 0
1 01db 00000000000000000000000000000128 0
1 01dc 00000000000000000000000000000128 0
1 01dd 00000000000000000000000000000128 0
1 01de 00000000000000000000000000000128 0
1 01df 00000000000000000000000000000128 0
1 01e0 00000000000000000000000000000128 0
1 01e1 00000000000000000000000000000128 0
1 01e2 00000000000000000000000000000128 0
1 01e3 00000000000000000000000000000128 0
1 01e4 00000000000000000000000000000128 0
1 01e5 00000000000000000000000000000128 0
1 01e6 00000000000000000000000000000128 0
1 01e7 00000000000000000000000000000128 0
1 01e8 00000000000000000000000000000128 0
1 01e9 00000000000000000000000000000128 0
1 01ea 00000000000000000000000000000128 0
1 01eb 00000000000000000000000000000128 0
1 01ec 00000000000000000000000000000128 0
1 01ed 00000000000000000000000000000128 0
1 01ee 00000000000000000000000000000128 0
1 01ef 00000000000000000000000000000000 0
1 01f0 00000000000000000000000000000000 0
1 01f1 00000000000000000000000000000000 0
1 01f2 00000000000000000000000000000000 0
1 01f3 00000000000000000000000000000000 0
1 01f4 00000000000000000000000000000000 0
1 01f5 00000000000000000000000000000000 0
1 01f6 00000000000000000000000000000000 0
1 01f7 00000000000000000000000000000000 0
1 01f8 00000000000000000000000000000000 0
1 01f9 00000000000000000000000000000000 0
1 01fa 00000000000000000000000000000000 0
1 01fb 00000000000000000000000000000000 0
1 01fc 00000000000000000000000000000000 0
1 01fd 00000000000000000000000000000000 0
1 01fe 00000000000000000000000000000000 0
1 01ff 00000000000000000000000000000000 0
1 0200 00000000000000000000000000000000 0
1 0201 00000000000000000000000000000000 0
1 0202 00000000000000000000000000000000 0
1 0203 00000000000000000000000000000000 0
1 0204 00000000000000000000000000000000 0
1 0205 00000000000000000000000000000000 0
1 0206 00000000000000000000000000000000 0
1 0207 00000000000000000000000000000000 0
1 0208 00000000000000000000000000000000 0
1 0209 00000000000000000000000000000000 0
1 020a 00000000000000000000000000000000 0
1 020b 00000000000000000000000000000000 0
1 020c 00000000000000000000000000000000 0
1 020d 00000000000000000000000000000000 0
1 020e 00000000000000000000000000000000 0
1 020f 00000000000000000000000000000000 0
2 0000 00000000000000000000000000008000 0
2 0001 00000000000000000000000000004002 0
2 0002 0000000000000000000000000000c003 0
2 0003 00000000000000000000000000004006 0
2 0004 00000000000000000000000000008007 0
2 0005 00000000000000000000000000008009 0
2 0006 0000000000000000000000000000400b 0
2 0007 0000000000000000000000000000400c 0
2 0008 0000000000000000000000000000c00d 0
2 0009 0000000000000000000000000000c010 0
2 000a 0000000000000000000000000000c013 0
2 000b 0000000000000000000000000000c016 0
2 000c 0000000000000000000000000000c019 0
2 000d 0000000000000000000000000000401c 0
2 000e 0000000000000000000000000001001d 0
2 000f 00000000000000000000000000010021 0
2 0010 00000000000000000000000000010025 0
2 0011 00000000000000000000000000010029 0
2 0012 0000000000000000000000000001002d 0
2 0013 00000000000000000000000000010031 0
2 0014 0000000000000000000000000000c035 0
2 0015 0000000000000000000000000000c038 0
2 0016 0000000000000000000000000000023b 0
2 0017 0000000000000000000000000000023c 0
3 0000 00000000000000000000000000000001 0
3 0001 00000000000000000000000000000000 0
3 0002 00000000000000000000000005f5e100 0
3 0003 00000000000000000000000000000001 0
3 0004 00000000000000000000000005f5e100 0
3 0005 00000000000000000000000000000001 1
1
6 ffffffff ff7e601fb60800052e0000e8100feb600003a0403fb1580000ed00030fe00005a003f9f8007fbfe00fe8b40001d0003f005807fe710002cda0003bac03fea180010bc00001da01fda4003fe5e807f32800fec1e01fd6c0000fcb007fe2300fc00001fc9a803fb8b000143200
00000b0
0000000
0000000
0000000
0000000
7ffff44
0000000
0000000
0000000
0000000
0000000
0000000
0000000
0000000
0000000
0000000
0000000
0140fcc
0000000
0000000
0000000
7fffefc
0000000
0000000
0000000
0000000
0000000
0000000
0000000
7e4e9b4
0000000
7dd8e70
01d4fb4
0000000
0000000
0000000
7ffffa4
0000000
7ffff9c
7ffff88
0000000
01fe9bc
0000000
0000000
0000000
0000000
0000000
0000000
0000000
7deb90c
0000000
7ffff4c
7ffff68
0000000
0000000
0000000
0000000
026176c
0000000
7de9b6c
0000000
0000000
0000000
0000000
0000000000000000000000000000000000000000000000000000000000000000000000000000000000000000000000000000000000000000000000000000000000000000000000000000000000000000000000000000000000000000000000000000000000027098240d0050541d0cc3b044200c41f0a439
0000004
000000f
7fffff3
7ffffea
000001f
7ffffe6
7fffff6
7ffffd2
7ffffd4
0000041
7fffffc
0000010
000002b
7fffff2
0000006
000000f
0000011
0000010
0000005
0000022
000001a
0000003
0000017
7ffffe2
7fffffc
7fffff9
7fffffa
0000004
7ffffea
7fffffd
0000000
7ffffde
