11585 1 1 1 0 8 2
32 64 2 1 43 2 10 14 389
0 0000 00000000000000040000000078000004 0
0 0001 00100000000000000000800000000001 0
0 0002 00080000000000100000800000030801 0
0 0003 0000000000000000800000001c000004 0
0 0004 00000000000000300000000040000004 0
0 0005 00000000000000040000000044000004 0
0 0006 000000007ffea810000000004c000004 0
0 0007 00000000000000008000000050000004 0
0 0008 00080000000000600000800024010801 0
0 0009 000000000000020000000144a800000b 0
0 000a 00000000000000000500000500000009 0
0 000b 0000000000000000052001ed0000000d 0
0 000c 00080000000000728000800000012021 0
0 000d 001000001c00001000209000000458a1 0
0 000e 0010008ec16201100020b80000005121 0
0 000f 0010000e000a001000008000000438c1 0
0 0010 000000000000000002a0000e00000008 0
0 0011 00000000000000000000000e000a0015 0
0 0012 0010000e000a001000008000000768e1 0
0 0013 0007000e000000710000c000000d4821 0
0 0014 000000000000000002c000000000000a 0
0 0015 00080000000000000000800000004801 0
0 0016 00080000000000600000800028094801 0
0 0017 00000000000000000540000500000008 0
0 0018 00080000000000500000800025210801 0
0 0019 0000000000000000000000a4a4000002 0
0 001a 00100000000000900000809000072ae1 0
0 001b 00100000000000140000800000052861 0
0 001c 00000000000000000400000e00000008 0
0 001d 0010000e000a001000008000000568e1 0
0 001e 0007000e000000710000c000000d4821 0
0 001f 0000000000000000042000000000000a 0
0 0020 00080000000000000000800000004801 0
0 0021 00080000000000300000800001234001 0
0 0022 00100000000000100000800000050001 0
0 0023 00080000000000100000800000080801 0
0 0024 00070000000000100000c000000a1001 0
0 0025 00000000000000000000000e74000005 0
0 0026 00000000000000000000000d6800000c 0
0 0027 0000000000000000010000000000000a 0
0 0028 00000000000000000000000000410014 0
0 0029 00000000000000008000000000410014 0
0 002a 00000000000000020000000000410014 0
1 0000 00000000000000000000000000000007 0
1 0001 000000000000000000000000000003e1 0
1 0002 000000000000000000000000000003e1 0
1 0003 000000000000000000000000000003e1 0
1 0004 000000000000000000000000000003e1 0
1 0005 000000000000000000000000000003e1 0
1 0006 000000000000000000000000000003e1 0
1 0007 000000000000000000000000000003e1 0
1 0008 000000000000000000000000000003e1 0
1 0009 000000000000000000000000000003e1 0
1 000a 000000000000000000000000000003e1 0
1 000b 000000000000000000000000000003e1 0
1 000c 000000000000000000000000000003e1 0
1 000d 000000000000000000000000000003e1 0
1 000e 000000000000000000000000000003e1 0
1 000f 000000000000000000000000000003e1 0
1 0010 000000000000000000000000000003e1 0
1 0011 000000000000000000000000000003e1 0
1 0012 000000000000000000000000000003e1 0
1 0013 000000000000000000000000000003e1 0
1 0014 000000000000000000000000000003e1 0
1 0015 000000000000000000000000000003e1 0
1 0016 000000000000000000000000000003e1 0
1 0017 000000000000000000000000000003e1 0
1 0018 000000000000000000000000000003e1 0
1 0019 000000000000000000000000000003e1 0
1 001a 000000000000000000000000000003e1 0
1 001b 000000000000000000000000000003e1 0
1 001c 000000000000000000000000000003e1 0
1 001d 000000000000000000000000000003e1 0
1 001e 000000000000000000000000000003e1 0
1 001f 000000000000000000000000000003e1 0
1 0020 000000000000000000000000000003e1 0
1 0021 00000000000000000000000000000007 0
1 0022 00000000000000000000000000000121 0
1 0023 00000000000000000000000000000121 0
1 0024 00000000000000000000000000000121 0
1 0025 00000000000000000000000000000121 0
1 0026 00000000000000000000000000000121 0
1 0027 00000000000000000000000000000121 0
1 0028 00000000000000000000000000000121 0
1 0029 00000000000000000000000000000121 0
1 002a 00000000000000000000000000000121 0
1 002b 00000000000000000000000000000121 0
1 002c 00000000000000000000000000000121 0
1 002d 00000000000000000000000000000121 0
1 002e 00000000000000000000000000000121 0
1 002f 00000000000000000000000000000121 0
1 0030 00000000000000000000000000000121 0
1 0031 00000000000000000000000000000121 0
1 0032 00000000000000000000000000000121 0
1 0033 00000000000000000000000000000121 0
1 0034 00000000000000000000000000000121 0
1 0035 00000000000000000000000000000121 0
1 0036 00000000000000000000000000000121 0
1 0037 00000000000000000000000000000121 0
1 0038 00000000000000000000000000000121 0
1 0039 00000000000000000000000000000121 0
1 003a 00000000000000000000000000000121 0
1 003b 00000000000000000000000000000121 0
1 003c 00000000000000000000000000000121 0
1 003d 00000000000000000000000000000121 0
1 003e 00000000000000000000000000000121 0
1 003f 00000000000000000000000000000121 0
1 0040 00000000000000000000000000000121 0
1 0041 00000000000000000000000000000121 0
1 0042 00000000000000000000000000000007 0
1 0043 00000000000000000000000000000122 0
1 0044 00000000000000000000000000000122 0
1 0045 00000000000000000000000000000122 0
1 0046 00000000000000000000000000000122 0
1 0047 00000000000000000000000000000122 0
1 0048 00000000000000000000000000000122 0
1 0049 00000000000000000000000000000122 0
1 004a 00000000000000000000000000000122 0
1 004b 00000000000000000000000000000122 0
1 004c 00000000000000000000000000000122 0
1 004d 00000000000000000000000000000122 0
1 004e 00000000000000000000000000000122 0
1 004f 00000000000000000000000000000122 0
1 0050 00000000000000000000000000000122 0
1 0051 00000000000000000000000000000122 0
1 0052 00000000000000000000000000000122 0
1 0053 00000000000000000000000000000122 0
1 0054 00000000000000000000000000000122 0
1 0055 00000000000000000000000000000122 0
1 0056 00000000000000000000000000000122 0
1 0057 00000000000000000000000000000122 0
1 0058 00000000000000000000000000000122 0
1 0059 00000000000000000000000000000122 0
1 005a 00000000000000000000000000000122 0
1 005b 00000000000000000000000000000122 0
1 005c 00000000000000000000000000000122 0
1 005d 00000000000000000000000000000122 0
1 005e 00000000000000000000000000000122 0
1 005f 00000000000000000000000000000122 0
1 0060 00000000000000000000000000000122 0
1 0061 00000000000000000000000000000122 0
1 0062 00000000000000000000000000000122 0
1 0063 00000000000000000000000000000007 0
1 0064 00000000000000000000000000000123 0
1 0065 00000000000000000000000000000123 0
1 0066 00000000000000000000000000000123 0
1 0067 00000000000000000000000000000123 0
1 0068 00000000000000000000000000000123 0
1 0069 00000000000000000000000000000123 0
1 006a 00000000000000000000000000000123 0
1 006b 00000000000000000000000000000123 0
1 006c 00000000000000000000000000000123 0
1 006d 00000000000000000000000000000123 0
1 006e 00000000000000000000000000000123 0
1 006f 00000000000000000000000000000123 0
1 0070 00000000000000000000000000000123 0
1 0071 00000000000000000000000000000123 0
1 0072 00000000000000000000000000000123 0
1 0073 00000000000000000000000000000123 0
1 0074 00000000000000000000000000000123 0
1 0075 00000000000000000000000000000123 0
1 0076 00000000000000000000000000000123 0
1 0077 00000000000000000000000000000123 0
1 0078 00000000000000000000000000000123 0
1 0079 00000000000000000000000000000123 0
1 007a 00000000000000000000000000000123 0
1 007b 00000000000000000000000000000123 0
1 007c 00000000000000000000000000000123 0
1 007d 00000000000000000000000000000123 0
1 007e 00000000000000000000000000000123 0
1 007f 00000000000000000000000000000123 0
1 0080 00000000000000000000000000000123 0
1 0081 00000000000000000000000000000123 0
1 0082 00000000000000000000000000000123 0
1 0083 00000000000000000000000000000123 0
1 0084 00000000ffffffff0000000000000007 0
1 0085 00000000000000000000000000000128 0
1 0086 00000000000000000000000000000128 0
1 0087 00000000000000000000000000000128 0
1 0088 00000000000000000000000000000128 0
1 0089 00000000000000000000000000000128 0
1 008a 00000000000000000000000000000128 0
1 008b 00000000000000000000000000000128 0
1 008c 00000000000000000000000000000128 0
1 008d 00000000000000000000000000000128 0
1 008e 00000000000000000000000000000128 0
1 008f 00000000000000000000000000000128 0
1 0090 00000000000000000000000000000128 0
1 0091 00000000000000000000000000000128 0
1 0092 00000000000000000000000000000128 0
1 0093 00000000000000000000000000000128 0
1 0094 00000000000000000000000000000128 0
1 0095 00000000000000000000000000000128 0
1 0096 00000000000000000000000000000128 0
1 0097 00000000000000000000000000000128 0
1 0098 00000000000000000000000000000128 0
1 0099 00000000000000000000000000000128 0
1 009a 00000000000000000000000000000128 0
1 009b 00000000000000000000000000000128 0
1 009c 00000000000000000000000000000128 0
1 009d 00000000000000000000000000000128 0
1 009e 00000000000000000000000000000128 0
1 009f 00000000000000000000000000000128 0
1 00a0 00000000000000000000000000000128 0
1 00a1 00000000000000000000000000000128 0
1 00a2 00000000000000000000000000000128 0
1 00a3 00000000000000000000000000000128 0
1 00a4 00000000000000000000000000000128 0
1 00a5 00000000000000000000000000000017 0
1 00a6 00000000000000000000000000000129 0
1 00a7 00000000000000000000000000000129 0
1 00a8 00000000000000000000000000000129 0
1 00a9 00000000000000000000000000000129 0
1 00aa 00000000000000000000000000000129 0
1 00ab 00000000000000000000000000000129 0
1 00ac 00000000000000000000000000000129 0
1 00ad 00000000000000000000000000000129 0
1 00ae 00000000000000000000000000000129 0
1 00af 00000000000000000000000000000129 0
1 00b0 00000000000000000000000000000129 0
1 00b1 00000000000000000000000000000129 0
1 00b2 00000000000000000000000000000129 0
1 00b3 00000000000000000000000000000129 0
1 00b4 00000000000000000000000000000129 0
1 00b5 00000000000000000000000000000129 0
1 00b6 00000000000000000000000000000129 0
1 00b7 00000000000000000000000000000129 0
1 00b8 00000000000000000000000000000129 0
1 00b9 00000000000000000000000000000129 0
1 00ba 00000000000000000000000000000129 0
1 00bb 00000000000000000000000000000129 0
1 00bc 00000000000000000000000000000129 0
1 00bd 00000000000000000000000000000129 0
1 00be 00000000000000000000000000000129 0
1 00bf 00000000000000000000000000000129 0
1 00c0 00000000000000000000000000000129 0
1 00c1 00000000000000000000000000000129 0
1 00c2 00000000000000000000000000000129 0
1 00c3 00000000000000000000000000000129 0
1 00c4 00000000000000000000000000000129 0
1 00c5 00000000000000000000000000000129 0
1 00c6 00000000000000000000000000000017 0
1 00c7 00000000000000000000000000000029 0
1 00c8 00000000000000000000000000000029 0
1 00c9 00000000000000000000000000000029 0
1 00ca 00000000000000000000000000000029 0
1 00cb 00000000000000000000000000000029 0
1 00cc 00000000000000000000000000000029 0
1 00cd 00000000000000000000000000000029 0
1 00ce 00000000000000000000000000000029 0
1 00cf 00000000000000000000000000000029 0
1 00d0 00000000000000000000000000000029 0
1 00d1 00000000000000000000000000000029 0
1 00d2 00000000000000000000000000000029 0
1 00d3 00000000000000000000000000000029 0
1 00d4 00000000000000000000000000000029 0
1 00d5 00000000000000000000000000000029 0
1 00d6 00000000000000000000000000000029 0
1 00d7 00000000000000000000000000000029 0
1 00d8 00000000000000000000000000000029 0
1 00d9 00000000000000000000000000000029 0
1 00da 00000000000000000000000000000029 0
1 00db 00000000000000000000000000000029 0
1 00dc 00000000000000000000000000000029 0
1 00dd 00000000000000000000000000000029 0
1 00de 00000000000000000000000000000029 0
1 00df 00000000000000000000000000000029 0
1 00e0 00000000000000000000000000000029 0
1 00e1 00000000000000000000000000000029 0
1 00e2 00000000000000000000000000000029 0
1 00e3 00000000000000000000000000000029 0
1 00e4 00000000000000000000000000000029 0
1 00e5 00000000000000000000000000000029 0
1 00e6 00000000000000000000000000000029 0
1 00e7 00000000000000000000000000000017 0
1 00e8 00000000000000000000000000000109 0
1 00e9 00000000000000000000000000000109 0
1 00ea 00000000000000000000000000000109 0
1 00eb 00000000000000000000000000000109 0
1 00ec 00000000000000000000000000000109 0
1 00ed 00000000000000000000000000000109 0
1 00ee 00000000000000000000000000000109 0
1 00ef 00000000000000000000000000000109 0
1 00f0 00000000000000000000000000000109 0
1 00f1 00000000000000000000000000000109 0
1 00f2 00000000000000000000000000000109 0
1 00f3 00000000000000000000000000000109 0
1 00f4 00000000000000000000000000000109 0
1 00f5 00000000000000000000000000000109 0
1 00f6 00000000000000000000000000000109 0
1 00f7 00000000000000000000000000000109 0
1 00f8 00000000000000000000000000000109 0
1 00f9 00000000000000000000000000000109 0
1 00fa 00000000000000000000000000000109 0
1 00fb 00000000000000000000000000000109 0
1 00fc 00000000000000000000000000000109 0
1 00fd 00000000000000000000000000000109 0
1 00fe 00000000000000000000000000000109 0
1 00ff 00000000000000000000000000000109 0
1 0100 00000000000000000000000000000109 0
1 0101 00000000000000000000000000000109 0
1 0102 00000000000000000000000000000109 0
1 0103 00000000000000000000000000000109 0
1 0104 00000000000000000000000000000109 0
1 0105 00000000000000000000000000000109 0
1 0106 00000000000000000000000000000109 0
1 0107 00000000000000000000000000000109 0
1 0108 0000000000000000ffffffff00000007 0
1 0109 00000000000000000000000000000121 0
1 010a 00000000000000000000000000000121 0
1 010b 00000000000000000000000000000121 0
1 010c 00000000000000000000000000000121 0
1 010d 00000000000000000000000000000121 0
1 010e 00000000000000000000000000000121 0
1 010f 00000000000000000000000000000121 0
1 0110 00000000000000000000000000000121 0
1 0111 00000000000000000000000000000121 0
1 0112 00000000000000000000000000000121 0
1 0113 00000000000000000000000000000121 0
1 0114 00000000000000000000000000000121 0
1 0115 00000000000000000000000000000121 0
1 0116 00000000000000000000000000000121 0
1 0117 00000000000000000000000000000121 0
1 0118 00000000000000000000000000000121 0
1 0119 00000000000000000000000000000121 0
1 011a 00000000000000000000000000000121 0
1 011b 00000000000000000000000000000121 0
1 011c 00000000000000000000000000000121 0
1 011d 00000000000000000000000000000121 0
1 011e 00000000000000000000000000000121 0
1 011f 00000000000000000000000000000121 0
1 0120 00000000000000000000000000000121 0
1 0121 00000000000000000000000000000121 0
1 0122 00000000000000000000000000000121 0
1 0123 00000000000000000000000000000121 0
1 0124 00000000000000000000000000000121 0
1 0125 00000000000000000000000000000121 0
1 0126 00000000000000000000000000000121 0
1 0127 00000000000000000000000000000121 0
1 0128 00000000000000000000000000000121 0
1 0129 000000000000ffff0000000000000007 0
1 012a 00000000000000000000000000000128 0
1 012b 00000000000000000000000000000128 0
1 012c 00000000000000000000000000000128 0
1 012d 00000000000000000000000000000128 0
1 012e 00000000000000000000000000000128 0
1 012f 00000000000000000000000000000128 0
1 0130 00000000000000000000000000000128 0
1 0131 00000000000000000000000000000128 0
1 0132 00000000000000000000000000000128 0
1 0133 00000000000000000000000000000128 0
1 0134 00000000000000000000000000000128 0
1 0135 00000000000000000000000000000128 0
1 0136 00000000000000000000000000000128 0
1 0137 00000000000000000000000000000128 0
1 0138 00000000000000000000000000000128 0
1 0139 00000000000000000000000000000128 0
1 013a 00000000000000000000000000000122 0
1 013b 00000000000000000000000000000122 0
1 013c 00000000000000000000000000000122 0
1 013d 00000000000000000000000000000122 0
1 013e 00000000000000000000000000000122 0
1 013f 00000000000000000000000000000122 0
1 0140 00000000000000000000000000000122 0
1 0141 00000000000000000000000000000122 0
1 0142 00000000000000000000000000000122 0
1 0143 00000000000000000000000000000122 0
1 0144 00000000000000000000000000000122 0
1 0145 00000000000000000000000000000122 0
1 0146 00000000000000000000000000000122 0
1 0147 00000000000000000000000000000122 0
1 0148 00000000000000000000000000000122 0
1 0149 00000000000000000000000000000122 0
2 0000 00000000000000000000000000008000 0
2 0001 00000000000000000000000000004002 0
2 0002 0000000000000000000000000000c003 0
2 0003 00000000000000000000000000004006 0
2 0004 00000000000000000000000000008007 0
2 0005 00000000000000000000000000008009 0
2 0006 0000000000000000000000000000800b 0
2 0007 0000000000000000000000000000800d 0
2 0008 0000000000000000000000000000400f 0
2 0009 00000000000000000000000000004010 0
2 000a 0000000000000000000000000000c011 0
2 000b 00000000000000000000000000000214 0
2 000c 00000000000000000000000000000215 0
2 000d 0000000000000000000000000000c016 0
3 0000 00000000000000000000000000000001 0
3 0001 00000000000000000000000000000000 1
1
6 ffffffff ff7e601fb60800052e0000e8100feb600003a0403fb1580000ed00030fe00005a003f9f8007fbfe00fe8b40001d0003f005807fe710002cda0003bac03fea180010bc00001da01fda4003fe5e807f32800fec1e01fd6c0000fcb007fe2300fc00001fc9a803fb8b000143200
0000000
0000000
0000000
0000000
0000000
0000000
0000000
0000000
0000000
0000000
0000000
0000000
0000000
0000000
0000000
0000000
0000000
012ded8
0000000
0000000
0000000
0000000
0000000
0000000
0000000
0000000
0000000
0000000
0000000
7eb7e60
0000000
7dae58c
01cf9a0
0000000
0000000
0000000
0000000
0000000
0000000
0000000
0000000
020093c
0000000
0000000
0000000
0000000
0000000
0000000
0000000
7df37f0
0000000
0000000
0000000
0000000
0000000
0000000
0000000
0247d70
0000000
7e07634
0000000
0000000
0000000
0000000
00000000000000000000000000000000000000000000000000000000000000000000000000000000000000000000000000000000000000000000000000000000000000000000000000000000000000000000000000000000000000000000000000000000000000000000000000000441d0ec200c42907c39
000cf63
7ff2519
7ff6428
7fe8913
001d989
0029416
7ff179c
7fd7eed
7ff7707
7ff0829
00135ed
0015474
7fec654
7ffbb37
7ffd4ff
7ff23e9
7ff6c83
7ff0498
000f112
7ffdd75
001b82b
000fa9e
0018bfd
0022903
0015474
7ff4f24
00071ce
7ff179c
00071ce
7fea108
7ff94f7
0013ca6
